"f","REUG_left","REOG_left","REAG_55_left","REAG_65_left","REUG_right","REOG_right","REAG_55_right","REAG_65_right","Subject"
"1",0,0,0,0,0,0,0,0,0,1
"2",0,0,0,0,0,0,0,0,0,2
"3",100,44.8,46.8,38.3,43.1,43.8,45.5,36.9,41.6,2
"4",129,52.5,54.9,42.5,50.9,53,55.2,42.5,50.8,2
"5",172,58.1,60.8,47.9,57.1,58.2,60.7,47.3,56.4,2
"6",215,60,63.6,50.4,59.9,59.4,62.9,49.1,58.6,2
"7",258,60.7,65.4,51.1,60.7,60.2,64.6,50,59.8,2
"8",301,58.2,63,48.5,58.1,57.7,62.4,47.8,57.4,2
"9",344,55.5,60.5,46.5,55.9,55.2,59.9,45.9,55.3,2
"10",387,57.3,62.6,49.1,58.7,57.6,62.9,48.9,59,2
"11",430,58.4,63.5,51.3,60.4,58.7,64.1,51,60.9,2
"12",473,58,63,51.7,59.9,57.6,62.9,51.1,59.9,2
"13",516,56.8,61.7,50.1,58,55.7,60.4,49.5,56.6,2
"14",559,55.5,60.4,47,55,54.3,58.6,46.4,53.2,2
"15",602,55.1,59.6,47.9,56.4,54.8,58.6,50.5,56.6,2
"16",645,56.7,61,52.4,60.4,56.7,60,54.4,60.2,2
"17",688,58,62.4,54,62.1,55.9,59.7,53.8,59.7,2
"18",731,56,60.6,51.6,59.9,53.5,57.9,50.1,56.6,2
"19",774,50.9,55.9,45.7,53.5,50.1,54.7,45.3,51.7,2
"20",817,46.3,53.1,44.4,51.1,46.4,51.9,45,51.2,2
"21",860,45.6,54,48.4,56.3,45.2,52.1,48.6,56.3,2
"22",903,47.3,55.2,50.3,59.2,47.2,54.7,50.9,59,2
"23",946,47.9,55.5,49,58,47,54.8,50.2,57.7,2
"24",989,46.6,53.9,45.6,53.7,45.2,52.1,46.6,53.3,2
"25",1032,45.8,51.6,41.6,49.3,45.6,52,43.5,50.5,2
"26",1075,47.7,53.4,42.5,51.5,48.1,53.7,45.2,52.4,2
"27",1118,48.6,53.9,45.2,54.3,49.2,54.1,48.2,55.8,2
"28",1161,47.6,51.6,45.6,54.4,50.6,55.1,51,59.2,2
"29",1204,47.4,50.2,45.3,53.6,50.9,54.5,52,59.7,2
"30",1247,48.2,50.7,44.8,52.6,50.4,52.8,50.1,57.4,2
"31",1290,49.3,51.7,42.8,50.2,50.8,54,48.9,56.1,2
"32",1333,50.4,53.2,40.7,48.5,52.3,55.3,48.1,55.8,2
"33",1376,51.2,54.4,43.8,52.5,53.9,57.1,49.1,57.2,2
"34",1419,51.8,55.1,46.6,55.5,54.7,58.3,52,59.4,2
"35",1462,51.8,54.9,47.5,55.9,54.5,58.3,54.8,61.5,2
"36",1505,50.4,53.3,48,56.2,55,59.2,56.9,64,2
"37",1548,49,51.8,47.6,55.7,54.9,58.8,57.6,65,2
"38",1591,48.9,50.9,46.7,54.3,55,57.4,57.1,64,2
"39",1634,49.9,52,44.7,51.5,55.1,56.7,54.8,60.6,2
"40",1677,50.6,53.2,44.2,50.5,54.9,57.1,53.1,58.7,2
"41",1720,50.7,53.7,45.5,53,53.5,55.7,53,59.1,2
"42",1763,52.9,55.9,49.3,57.3,54.1,55.9,54.4,60.6,2
"43",1806,54.7,58.4,53.3,61.3,55.5,58,57.7,64.1,2
"44",1849,55.5,61.2,55.9,63.4,55,58.6,59.6,65.9,2
"45",1892,55.8,62.9,57.9,65.4,54.4,59.3,59.7,66,2
"46",1935,54.9,63.1,58.2,66.3,53.9,60.3,60,67.6,2
"47",1978,55.1,64.4,58.3,65.9,54.4,61.9,62.7,69.9,2
"48",2021,56.4,66.2,58.7,64.5,55.6,63.6,63.5,69.2,2
"49",2064,57.5,67.1,60.6,65.1,57.9,65.8,63.8,67.2,2
"50",2107,58.4,68.8,62.4,67.6,58.7,67.7,66.7,69.7,2
"51",2150,58.3,69.5,64.2,70.3,57.9,67.6,67.2,71.3,2
"52",2193,57.9,67.8,65.4,72.2,57.5,65.8,66.5,72.4,2
"53",2236,56.9,65.1,65.2,71.4,57,63.9,66.5,72.2,2
"54",2279,57.4,65.3,64.8,70.2,57.6,64.2,66.5,71.6,2
"55",2322,58.4,65.2,64.3,69.6,58.8,64,66.1,71.2,2
"56",2365,56.9,62.7,62.8,67.6,57.8,61.9,64.4,69.1,2
"57",2408,54.2,60,60.8,64.3,55.8,59.5,63.7,67.8,2
"58",2451,54.7,60.5,60.9,64,56.1,59.8,64.1,68,2
"59",2494,55.2,60.1,62.1,65.4,57.2,60.2,64.2,67.7,2
"60",2537,55.9,60.3,63.3,66.7,57.6,60.6,64.3,68.1,2
"61",2580,56.4,60.2,63.9,67.7,58.1,60.2,65,68.8,2
"62",2623,56.5,59.7,63.9,68.1,59,60.6,65.3,68.9,2
"63",2666,57.2,60.4,63,67.6,60.1,61.6,65.6,70,2
"64",2709,58.3,61.6,63,67.8,60.9,62.1,66.1,71.1,2
"65",2752,59,62,63.5,67.6,61.1,61.9,66.2,70.9,2
"66",2795,59.7,62.5,64,67,62,62.6,67.7,71.5,2
"67",2838,59.5,62,64.7,67.7,61.4,62.3,68.2,71.2,2
"68",2881,58.7,61,66.4,69.9,61,62.1,68.1,70.9,2
"69",2924,58,60.2,65.2,68.6,60.7,61.8,66.4,69.4,2
"70",2967,57.7,59.4,62.7,66.5,59.4,60.2,65.8,68.3,2
"71",3010,55.1,56.6,60.2,64.5,56.8,57.7,65.1,67.9,2
"72",3053,52.6,55.3,59.5,63.9,54.9,56.9,64.8,68.5,2
"73",3096,51.2,54.9,57.9,61.8,53.4,56.4,63.2,67.1,2
"74",3139,54,56.9,57.5,60.9,56,58.6,63.6,66.9,2
"75",3182,55.7,58,56.2,59.2,57.1,59.4,63.2,65.5,2
"76",3225,55.4,57.3,56.3,57.8,56.5,58.4,63,64.3,2
"77",3268,52.4,53.7,56.2,56.4,54,54.8,61.7,63.9,2
"78",3311,50.1,53.3,56.7,55.7,52.1,52.6,61.6,64.9,2
"79",3354,49.5,53.3,56.9,56,50.3,52.4,61.2,64.9,2
"80",3397,49.5,54.3,56.3,57.5,49.2,52.9,61.1,64.7,2
"81",3440,48.8,54.2,56.9,59.3,48.6,53.4,60.1,63.1,2
"82",3483,49.6,55,59.2,62.3,47.3,52.4,59,61.5,2
"83",3526,53,58.4,60.5,64.7,47.7,50.7,58.6,61.5,2
"84",3569,56.9,62.8,62,67.1,49,52.3,59.4,61.9,2
"85",3612,57,63.9,63.1,68.5,48.5,53.3,58.9,61.4,2
"86",3655,57.7,64.6,64.1,69.5,49.5,54.9,58.7,61.9,2
"87",3698,58.8,64.4,62.7,67.3,50.7,54.9,59.1,61.2,2
"88",3741,58.3,63.1,61.7,64.8,50.3,53.4,60,60.2,2
"89",3784,58.6,63.9,61.2,64,51.5,55.1,60.9,61.4,2
"90",3827,59.1,65,59.9,63.6,52.6,56.8,60.1,62.5,2
"91",3870,60,66,61.1,66.3,55,59.4,61.2,65.1,2
"92",3913,59.8,65.2,62.3,68.1,55.6,59.5,61.7,65.7,2
"93",3956,60.4,64.5,63.1,69.1,56.7,60.1,61.1,65.8,2
"94",3999,60.8,64.9,64.4,70.6,57.9,61.4,61.6,67.9,2
"95",4042,59.8,64.2,64.2,71.2,58.2,61.3,62.8,69.7,2
"96",4085,59,63,63.2,70.4,57.9,61.1,62.9,69.6,2
"97",4128,59.9,62.8,61.9,69,58.8,61.3,63.4,69.3,2
"98",4171,59.5,62.2,60.4,67.4,59.2,61.6,63,68.3,2
"99",4214,58.5,61.1,58.9,65.3,58.7,61.5,61.5,65.9,2
"100",4257,57.4,59.7,56.4,61.2,57.1,59.5,60.4,62.7,2
"101",4300,56.4,58.8,54.7,58,56,58.1,60.1,61.5,2
"102",4343,55.3,58.1,54.3,58.3,54.5,57.5,60.2,61.3,2
"103",4386,55.7,57.7,54.1,58.7,53.9,56.2,60.9,62.4,2
"104",4429,55.1,55.8,54.4,58.7,54.4,55.2,60.1,63.3,2
"105",4472,53.8,54.2,55.6,60.5,54.4,54.7,58.6,63.4,2
"106",4515,53.3,54,56.1,60.9,54.2,54.7,59.1,64.2,2
"107",4558,52.2,53.1,55.7,59.5,53.3,54.1,59.5,64.6,2
"108",4601,51.6,52.5,55.2,57.9,52.8,53.9,58.6,63.4,2
"109",4644,52.4,53.3,53.5,55.6,53,55,59.1,62.5,2
"110",4687,51.9,52.7,51,52.8,53.4,54.7,59.6,61.9,2
"111",4730,50.3,51.7,49.9,52.1,52.8,54,58.7,60.3,2
"112",4773,50.8,52.7,50.8,54,52.9,54.2,58.7,60.3,2
"113",4816,52.7,54.7,50.9,54.8,53.3,54.2,58.8,60.8,2
"114",4859,53.7,55.4,50.6,54,53.7,54.2,59.3,62,2
"115",4902,52.6,54.3,49.9,53.6,52.6,53.2,58.4,63.4,2
"116",4945,51.2,53.6,49.7,53.4,51.7,52.5,58.5,64.3,2
"117",4988,50.9,53.7,49.9,51.6,52,52.9,59,62.4,2
"118",5031,51.7,55,49.6,49.7,52,53.5,58.1,60.6,2
"119",5074,53.5,56.7,50.6,52.4,52.3,54.5,57.7,61.8,2
"120",5117,53.8,57.3,51.5,55.7,52.5,55.1,57.6,62,2
"121",5160,53.5,57.8,52.6,57.6,53.7,57.1,58.5,62.5,2
"122",5203,53.8,58.2,53,58.5,55,58.1,59.5,64.2,2
"123",5246,54.1,58.3,53.7,60.2,55.9,59.8,58.7,64.6,2
"124",5289,54.2,59.6,53.8,61,56,60.7,58.7,66.1,2
"125",5332,54.9,62.1,53,60,56,62,60,67.6,2
"126",5375,54,62.8,52.3,57.7,55.2,63.6,60.3,67.1,2
"127",5418,52.6,61.9,50.5,54.2,54.5,63.3,60.9,66.6,2
"128",5461,52.4,61.4,49.9,54.7,54.5,62.8,61,66.7,2
"129",5504,51.6,60.1,50,55.2,53.9,62,59.6,65.4,2
"130",5547,50.7,58.5,50.4,55.2,53.1,60.1,56.3,62.5,2
"131",5590,49.8,57.5,50.4,55.4,52.3,59.1,55.7,62,2
"132",5633,49.2,56.7,49.8,54.9,52.3,58.9,56.1,61.7,2
"133",5676,47.9,54.8,49,53.6,51.3,57.2,54.8,60.6,2
"134",5719,47.6,53.6,47.4,51.6,50.7,56.3,53.8,59.5,2
"135",5762,47.4,52.6,45.2,49.2,50.7,55.5,52.9,57.5,2
"136",5805,47.4,52.4,45.4,48,51.1,55.3,53.9,57.4,2
"137",5848,46.4,50.6,44.7,45,49.9,52.7,53.3,56.1,2
"138",5891,45.8,48.5,42.9,42.9,49.5,50.6,51.3,53.7,2
"139",5934,45.8,48.9,42.7,43.7,49,50.2,49.4,51.7,2
"140",5977,45.5,48.3,43.6,44.3,48.2,49.2,49.3,51.9,2
"141",6020,45.5,47.5,43,43.5,48.4,49.2,49,53.1,2
"142",6063,45.8,49.1,42.5,44.8,48.2,50,49.1,54.4,2
"143",6106,45.9,50.1,42.8,45.9,48.4,51,50.5,55.7,2
"144",6149,46.3,50.5,42.2,45.8,48.8,51.8,50.8,55.8,2
"145",6192,46.8,50.9,41.5,44.7,49.3,52.7,50.6,55.5,2
"146",6235,46.7,49.8,40.6,41.8,49,51.7,50.7,54,2
"147",6278,46.9,49.9,40.3,39.5,48.9,51.1,50.4,52.8,2
"148",6321,45.8,49.7,39.7,38,47.8,50.9,49.6,52.4,2
"149",6364,44.1,47.4,39.8,37.7,46.4,48.7,49,51.6,2
"150",6407,43.1,46.3,39.2,37.7,46.1,46.3,48.6,49.9,2
"151",6450,44.4,47,38,38,47.4,48.1,47.7,48.8,2
"152",6493,44.1,45.9,36.4,37.2,46.7,47.5,45.8,46.4,2
"153",6536,43.5,46.4,36.8,37.1,45.7,46.8,45.7,46.2,2
"154",6579,42.4,44.9,36.7,36.1,44.7,45.6,45.9,47,2
"155",6622,41.5,43.5,36.5,36.1,44,44.8,45.9,47.9,2
"156",6665,41.5,43.5,36.2,36.3,43.6,44.5,45.4,48,2
"157",6708,39.5,41.4,35.2,35.8,41.5,42.5,44.1,46.4,2
"158",6751,39,40.9,35.6,36.8,41.4,42,44.4,46.3,2
"159",6794,38.8,40.9,35.3,36.8,41.4,41.7,44.8,46.1,2
"160",6837,38.9,41.1,35.6,36.8,41.7,41.6,44.4,46.8,2
"161",6880,39.2,41.5,35.8,36.8,42.2,42.2,44.3,47.9,2
"162",6923,37.6,39.7,35.1,35.8,40.4,40.8,43.5,47.6,2
"163",6966,36.6,38.2,34.6,35.1,40.2,40.1,44,47,2
"164",7009,36.7,38.1,34.3,34.3,40.2,40.3,45.1,45,2
"165",7052,36.1,37.6,34.2,34,40.4,39.5,44.9,43.9,2
"166",7095,35.4,36.6,33.6,33.9,40.4,38.9,43.5,43.4,2
"167",7138,35.2,35.8,34,34.2,39.9,39.1,44.4,43.5,2
"168",7181,35,35.7,34.3,34.4,39.4,39,44.6,43.8,2
"169",7224,34.8,35.7,34.3,34.5,39,38.5,43.5,44.5,2
"170",7267,34.2,34.9,34.1,34.6,39.1,37.6,43,45.6,2
"171",7310,34.3,34.7,34,34.8,39.3,38.1,43.5,45.6,2
"172",0,0,0,0,0,0,0,0,0,3
"173",100,46,45.5,37.6,45.2,42.9,42.5,35.9,42.5,3
"174",129,54.9,54.4,44,53.7,53.1,52.8,43,52.6,3
"175",172,61.1,60.8,50.3,60.3,60.5,60.3,50.4,60.3,3
"176",215,62,61.8,51.6,61.7,61.8,61.5,52.1,62,3
"177",258,59.6,59.7,50.1,60.3,58,57.6,49.4,59.4,3
"178",301,57,57,47.8,58,53.5,53.3,46,56,3
"179",344,55,54.7,45,55,54.3,54.3,44.9,54.8,3
"180",387,56.8,56.8,45.5,55.6,57.4,56.6,45.8,55.9,3
"181",430,61.1,61.1,48.6,58.9,60.1,58.5,46.8,57,3
"182",473,63.1,63.2,52.5,62.4,59.7,58.7,47.6,57.8,3
"183",516,62.4,62.2,54.3,63.8,57.8,57.5,48.6,58.5,3
"184",559,61.2,60.4,53.2,62.3,59.7,57.9,48.9,58.7,3
"185",602,62.2,61.6,55.3,63.9,60.2,58.4,47,56.9,3
"186",645,63.4,63.4,59.4,67.7,58.6,57.9,47,57.1,3
"187",688,62,62.6,59.5,67.4,57.9,58.1,47.2,57.3,3
"188",731,59.3,61,58.7,66.3,57.2,57.5,45.6,55.8,3
"189",774,57.4,60.1,59.1,67.1,54.9,55.5,44,54.1,3
"190",817,55.4,57.9,59.5,67,54.1,54.2,43.3,52.9,3
"191",860,53.7,54.6,60.7,67.8,53,53.4,44.9,54.7,3
"192",903,53.1,53.9,61.3,69.4,53.5,53.4,48.7,58.5,3
"193",946,52,53.2,61,69.3,54.4,53,48.9,58.4,3
"194",989,50.3,50.7,59.8,67.5,51.9,51.6,46.1,54.5,3
"195",1032,48.8,49.1,58.9,66.3,48.6,50.4,48,56,3
"196",1075,45.5,47.1,58.4,65.6,47.9,49.9,50,58.1,3
"197",1118,42.9,46.2,58.5,65.6,48.1,49.6,48.4,56.5,3
"198",1161,45.4,46.6,59.1,66.2,49.4,50.4,47.9,56,3
"199",1204,50.3,48.4,62.1,69.4,50.5,50.2,49.5,57.4,3
"200",1247,52.9,50.5,66.3,73.8,51.3,49.6,50,57.3,3
"201",1290,54.3,53,68,75.6,51.3,50,51.7,59.5,3
"202",1333,55,55,69.7,77.3,50.6,51.9,55.4,63.9,3
"203",1376,54.1,56.1,70.2,77.6,51.3,54.2,58.2,66.3,3
"204",1419,55.2,55.8,69.4,76.4,51.3,53.7,58.4,65.8,3
"205",1462,55.7,54.3,68.3,75.3,52.3,51.6,56.8,64.6,3
"206",1505,55.5,53.9,68.7,75.8,53.9,50.7,56.7,65.1,3
"207",1548,58.8,55.3,70.1,77.3,53.4,50.7,58.2,66,3
"208",1591,60.6,56.4,72.1,79.4,55.1,52.6,62.1,69.5,3
"209",1634,59.8,56.3,73.5,80.4,56.1,54.1,64.6,72.2,3
"210",1677,59.5,56.3,74,80.8,56.1,55.8,67,74.5,3
"211",1720,59.7,58.1,74.4,81.4,55.4,57.2,68,75.3,3
"212",1763,60.4,58.6,75.1,82.1,56,57.7,68.5,75.8,3
"213",1806,61.4,57.4,74.6,81.7,58.1,56.3,68.9,76.4,3
"214",1849,62.2,57.3,73.6,81.1,58.5,55.8,67.9,75.8,3
"215",1892,61.9,57.1,73.1,80.6,56.5,55.5,67,74.6,3
"216",1935,60.1,55,71.9,79.3,53.8,53,66,73.7,3
"217",1978,59.8,53.3,70.5,77.9,53.6,52.1,66.8,74.5,3
"218",2021,60.5,53,68.9,76,54.4,51.5,68.2,75.8,3
"219",2064,61,53,67.6,74.6,55.1,52.3,67.6,75,3
"220",2107,60.4,52.8,66.6,74,55.6,55.2,67.8,75.6,3
"221",2150,59.1,51.9,66.1,73.3,55.8,54.6,68.2,75.9,3
"222",2193,56.7,49.9,66.6,73.1,54.2,50.7,67.4,73.9,3
"223",2236,55.8,49.3,67.4,74.2,52.2,49,67.6,74,3
"224",2279,58.3,50.4,68.4,75.9,53.5,51,70.1,77.5,3
"225",2322,60.1,52.6,68.8,76.9,56.1,52.5,72.1,79.9,3
"226",2365,59.6,53,69.7,77.8,56.6,51.7,72.3,79.8,3
"227",2408,59.8,53,70.8,78.4,55.9,52.2,71.4,78.6,3
"228",2451,62.1,53,72.5,79.6,56.9,52.9,71.9,79.9,3
"229",2494,63.6,52,72.5,80.3,58.1,52.1,72.5,80.7,3
"230",2537,64.6,52.5,72.4,80.7,58.9,50.7,72.9,81,3
"231",2580,65.4,53.5,73,81.1,58.6,50.5,72.6,80.1,3
"232",2623,67.3,53.5,72.3,80.4,58.5,51.8,72.3,80.3,3
"233",2666,69.6,54.8,71.7,79.7,61.3,52.6,73.2,82,3
"234",2709,70.9,56,71.7,79.9,64.4,52.9,73.2,81.6,3
"235",2752,72.3,55.9,72.2,80.3,66.3,53.3,72.5,80.3,3
"236",2795,72.9,56.3,72.6,80.7,66.9,53.6,72,80,3
"237",2838,70.8,55.9,71.4,79.5,65.2,53.6,71.3,79.6,3
"238",2881,67,55,70.4,78.4,62.2,53.5,71.4,80,3
"239",2924,62.5,53.6,68.5,76.5,58.7,52.7,70.2,78.8,3
"240",2967,58.9,53.5,67.4,75.8,56.9,52.4,69.7,77.9,3
"241",3010,54.7,53.4,65.5,73.8,54.8,51.7,69.5,77.5,3
"242",3053,53,52.3,64.5,72.8,54.5,49.8,69,76.9,3
"243",3096,52,48.1,64.5,72.6,54,47.2,67,74.8,3
"244",3139,54.7,47.2,64.3,71.9,55.8,48.9,66.9,75.1,3
"245",3182,56.6,47.5,63.2,71,56.7,50.5,66.1,74.7,3
"246",3225,56.5,47.1,64.7,72.3,56.5,51.4,66.4,74.9,3
"247",3268,54.2,45.7,64.8,71.8,55.6,49.3,65.8,73.3,3
"248",3311,51.1,47,65.1,71.7,54,47.8,65.9,71.9,3
"249",3354,49.3,46.7,65.3,71.8,49.7,46.6,65.3,71.3,3
"250",3397,51.1,46.3,64.2,70.8,48.1,46,64.2,70.4,3
"251",3440,52.1,46.8,62.3,69,49,45,63.3,69.3,3
"252",3483,51.8,47.2,61.4,68.5,48.7,44.7,63,69.5,3
"253",3526,52.6,47.5,60.9,68.2,47.9,45.3,62.3,68.7,3
"254",3569,55.5,49.3,60.4,67.7,48.5,45.7,62.1,67.9,3
"255",3612,55.9,50.7,59.2,66.5,48,45.1,60.3,66.6,3
"256",3655,55.5,51.1,59.5,66.7,47.5,45.4,59.8,66.9,3
"257",3698,54.1,49.5,59.5,66.2,46.9,44.4,58.8,66.1,3
"258",3741,52.4,49.4,58.8,66,46.8,45.1,58.5,66,3
"259",3784,52.2,50.7,58.9,66.8,47.3,46.6,59.3,65.7,3
"260",3827,52.7,50.3,58.1,65.8,47,47.4,59.3,65.1,3
"261",3870,54.5,51,58.1,66.1,48.5,49.9,59.8,67.4,3
"262",3913,55.1,50.9,58.9,67.3,48,49.6,60.4,69.2,3
"263",3956,55.7,51.6,58.5,66.2,48.5,49.5,60.1,68.2,3
"264",3999,57,54,59.1,65.9,50,51.5,60.8,65.8,3
"265",4042,57.4,56.1,59.5,67.3,51.2,53.4,60.4,65,3
"266",4085,57.8,57.4,59.3,67.4,52.3,54.3,58.1,65.6,3
"267",4128,58.4,58.9,57.9,65.3,51.7,54.3,59.2,67.1,3
"268",4171,57.8,59.2,55.9,63,50.3,54,59.9,67.3,3
"269",4214,56.5,58,55.8,63.8,50.5,53.8,59.7,66.9,3
"270",4257,56.5,56.4,55.3,63.7,51.5,52.1,58.8,65.6,3
"271",4300,58.4,56.3,53.2,60.9,52.8,50.9,56.8,63.4,3
"272",4343,59.9,56.4,50.1,57.1,55.1,52.3,55.4,62.7,3
"273",4386,61.1,55.5,48.6,55.6,57.9,53.9,54.9,62.3,3
"274",4429,60.8,54.1,48.1,55.5,58.7,52.9,55.5,63.3,3
"275",4472,59.9,52.5,49.9,57.9,57.2,50.2,54.2,62,3
"276",4515,60.7,50.6,50.5,58.5,56.8,49.3,52,58.8,3
"277",4558,60.6,48.6,48.2,55.6,57.2,48.4,50.1,56.3,3
"278",4601,58.8,48.1,45.4,52.1,56.3,47,48.4,55.2,3
"279",4644,57.5,49.1,46.6,53.7,54.9,46.7,48.5,56,3
"280",4687,56.5,49.2,47.9,55,53.2,46.8,48.8,56.2,3
"281",4730,54.7,47.8,46.6,53.3,52.1,46.5,48.5,54.8,3
"282",4773,53.1,47.6,44.7,50.9,52.6,46.2,47.7,52,3
"283",4816,52.6,48.3,44.2,50.3,51.7,45.7,45.6,50.9,3
"284",4859,51.9,48.1,45.3,52,51,45.1,47.5,53.5,3
"285",4902,49.6,46.2,45.9,52.4,49.7,43.2,49.2,54.4,3
"286",4945,47.5,44,45.5,51.4,48.1,41.6,47.9,52.4,3
"287",4988,47.1,42.7,45.5,50.5,47.3,41.3,46.2,50.9,3
"288",5031,48.1,42.6,47.5,52.7,46.3,40.9,47,52,3
"289",5074,48.4,43.8,48,53.7,46,40.7,46.9,52.1,3
"290",5117,48.8,45.5,47.3,53.6,47,41.9,46.5,51.2,3
"291",5160,49.4,46.2,47.7,53.9,47.8,43.2,46.3,52.2,3
"292",5203,50.6,47,48.9,55.3,48.5,44.1,45.7,52,3
"293",5246,52,47.7,49.6,56.9,47.9,44.1,45.9,50.5,3
"294",5289,52.6,47.8,49.5,56.7,48.3,43.8,46.4,51.8,3
"295",5332,53.6,49.5,49.1,55.3,49.8,44.5,46.2,51.4,3
"296",5375,53.1,48.9,47.9,53.7,48.6,42.6,45.9,49.7,3
"297",5418,52.4,46.4,47.8,54.7,46.1,40.1,45.8,50.8,3
"298",5461,51.7,44.9,48,55.4,45.6,39.3,46.1,51.2,3
"299",5504,51.1,45.1,47.1,54.1,46.2,39.2,45.9,48.9,3
"300",5547,50.1,45.4,44.8,51.1,45.2,38.3,44.2,45.1,3
"301",5590,48.9,45.7,44.9,52.1,43.4,38,43,47,3
"302",5633,48.1,47,45.3,53.2,42.8,39.3,43.7,49.8,3
"303",5676,48,47.5,44.6,51.9,43.4,39.9,43.6,48.5,3
"304",5719,49.2,48.4,44.9,51.1,43.8,40.2,42.7,46.2,3
"305",5762,50,49.8,47.2,54.2,43.2,40.2,42.7,49.3,3
"306",5805,50.2,51.2,50,57.9,42.9,40.9,44.9,53.2,3
"307",5848,49.9,51.5,50.9,58.8,43.5,41.5,44.6,53,3
"308",5891,49.6,52,49.7,57.8,44.3,42.7,42.6,50.7,3
"309",5934,49.2,52.6,50,58.4,44.2,43.3,43.5,52.5,3
"310",5977,48.6,51.7,51.9,60.5,43.1,43,45.1,54,3
"311",6020,48.2,51,51.7,60.3,42.8,43.4,44.6,52.7,3
"312",6063,49,51.5,49.7,58.1,44.9,43.6,42.8,50.1,3
"313",6106,48.9,50.6,47,54.8,45.6,42.3,42.9,50,3
"314",6149,48.1,48.3,47.4,54.9,43.5,40.5,44.2,50.6,3
"315",6192,47.8,46.7,48.4,55.6,42.4,40.3,44.4,50.3,3
"316",6235,47.2,46.2,47.6,54.5,42.8,40.3,43.4,49.3,3
"317",6278,45.2,45.1,44.9,51.2,42.5,39.6,41.7,46.6,3
"318",6321,43.7,43.8,42,48.4,41.2,38.9,41,46.2,3
"319",6364,43.7,43.5,42.6,51.3,40.3,38.9,42.5,49.2,3
"320",6407,43.8,43.3,43.4,52.5,40.8,38.8,42.1,49.2,3
"321",6450,45.2,43.8,43.4,50,42.2,38.7,40.9,46.6,3
"322",6493,45.7,42.4,40.7,45.1,41.5,37.4,40.1,45,3
"323",6536,45.9,41.3,40.5,46.5,41.2,37.3,40.1,46.1,3
"324",6579,45.2,40.1,41.4,47.7,42,37.4,39.1,45.4,3
"325",6622,45.4,39.6,40.3,46.1,42.9,37.1,37.7,42.4,3
"326",6665,45.2,39.5,37.9,42.2,42.3,36.8,37.5,40.9,3
"327",6708,43.8,38.5,37.1,41.7,40.4,35.8,36.8,40.4,3
"328",6751,43.4,39,37.9,43.2,40.3,35.7,36.8,39.7,3
"329",6794,42.7,39.2,37.1,42,41.1,35.8,36.5,38,3
"330",6837,43.1,39.1,35.7,40.2,41.9,36.1,36.7,37.6,3
"331",6880,43.9,38.6,36.4,41.7,41.9,36.5,37.2,39.1,3
"332",6923,43.6,38.1,37.3,43.2,40.7,36.4,36.8,40,3
"333",6966,42.7,37.8,36.5,42.5,39.8,36,36.2,38.8,3
"334",7009,40.9,37.3,35.3,39.7,39,35.5,35.9,37.6,3
"335",7052,39.3,37,35.6,40.6,37.9,35.6,36.3,39.3,3
"336",7095,39,37.2,36.2,41.8,37.2,36.1,36.4,39.5,3
"337",7138,38.7,37.8,35.3,40,36.9,36.2,36,37.5,3
"338",7181,39,38.7,34.6,38.4,37.4,36.1,35.7,36.9,3
"339",7224,39.1,38.8,35.1,39.3,37.6,36.2,35.9,37.7,3
"340",7267,38.9,38.4,35.3,39.1,37.8,36.2,35.9,37.2,3
"341",7310,39.4,38.5,35.3,38,38.2,36.8,36.2,36.5,3
"342",0,0,0,0,0,0,0,0,0,4
"343",0,0,0,0,0,0,0,0,0,5
"344",100,42.9,43.2,37.6,43.1,40.8,41.2,36.2,40.1,5
"345",129,50.8,51,42.4,51.5,49,49.1,40.1,49.1,5
"346",172,57.4,57.6,48.7,58.3,56.7,56.9,47.6,57.5,5
"347",215,58.9,59.1,50.1,59.9,59,59.3,50.3,60.2,5
"348",258,56.8,57,47.8,57.6,56.8,57.2,48.2,58.1,5
"349",301,53,53.4,45,54.4,52.3,52.8,43.9,53.5,5
"350",344,52.5,53.6,45.6,54.9,51.9,52.5,43.1,52.3,5
"351",387,54.7,56,46.6,56.3,54.8,55.5,43.6,53.4,5
"352",430,57.1,58.1,47.5,57.6,59.7,60.4,46,56.6,5
"353",473,57.6,58.5,48.2,58.5,61,61.7,47.6,58.3,5
"354",516,57.8,58.7,49.9,60,57.4,58.1,47.6,57.6,5
"355",559,57,58.1,50,59.7,53,54.9,48.4,58,5
"356",602,54.5,55.6,48.2,57.5,53,55.5,48.8,58,5
"357",645,55.4,55.7,47.5,57.1,52.8,54.4,45.9,54.8,5
"358",688,56.6,57.6,47,56.8,53,54.2,44.2,53.2,5
"359",731,56.9,58.7,47.8,57.1,52,53.3,46.3,55,5
"360",774,55.7,57.8,48,56.6,51.5,53.2,47.3,55.5,5
"361",817,52.7,54.7,46.5,54.5,52.5,54.6,49.9,58.3,5
"362",860,50.4,50.5,44.5,52.6,52.5,54.5,51.2,59.9,5
"363",903,52.8,52,42.4,51.2,51.1,53.2,49.1,58,5
"364",946,52.9,52.3,39.7,48.1,50.3,52.8,47.4,55.4,5
"365",989,49.7,49.6,39.5,45.9,50.4,52.8,50.5,58.4,5
"366",1032,46.8,47.4,43.7,51.8,51.9,54.1,54.6,63.4,5
"367",1075,48.8,49.2,48,57.1,51.6,54,56.4,65.9,5
"368",1118,50.2,51.2,50.1,58.7,51.6,54.7,55.6,65.4,5
"369",1161,50.6,52,50.3,57.9,52.9,56.5,52.8,62.4,5
"370",1204,50.3,51.1,49.8,56.7,52.4,56.1,50.3,59.6,5
"371",1247,51.8,52.3,49.6,56.4,52,53.6,50,58.6,5
"372",1290,53.2,53.6,51.1,58.4,53.5,52.7,51.3,59,5
"373",1333,52.8,53.2,53.4,60.8,54.1,53.2,53.9,60.9,5
"374",1376,53.3,53.7,56.4,63.3,56.3,55.7,55.2,62.6,5
"375",1419,54.6,54.5,57.9,65,58.3,57.6,56,63.7,5
"376",1462,56.1,55.9,59.5,66,56.7,56.1,57.1,63.8,5
"377",1505,55.1,55.6,59.7,65.5,53.1,54.4,56.5,63.2,5
"378",1548,52.9,55.2,57.9,63.2,54.6,57.4,54.3,61.5,5
"379",1591,54.4,57.6,59,64.5,56.5,59.4,55.2,62.8,5
"380",1634,57.7,60.5,62.7,69.1,56,58.6,57.9,65.7,5
"381",1677,60.1,62.8,67.9,74.6,56.7,58.5,60.4,67.8,5
"382",1720,61.7,64.3,71.1,77.6,59,59.5,62.9,69.9,5
"383",1763,63.9,65.4,72.5,78.6,63.8,63.5,64.5,71.4,5
"384",1806,67.3,67.7,74.2,80,68.4,67.9,63.9,70.6,5
"385",1849,70.4,69.9,75.7,81.7,69.5,69,64.3,71.5,5
"386",1892,70.4,69.2,75,81,66.7,66.2,63.9,70.9,5
"387",1935,66.7,64.9,71.2,77.2,61.5,60.4,60.5,67.5,5
"388",1978,63.1,60,68.3,74,59.3,56.5,57.9,64.7,5
"389",2021,61.6,56.4,65.6,70.7,59.5,55.3,56.3,62.5,5
"390",2064,61.8,54.5,63.2,68.4,59,54.4,55.2,60.7,5
"391",2107,62.3,54,63.5,69.5,58.5,53.7,56.1,60.4,5
"392",2150,62.9,53.1,64.7,70.2,59.2,53.7,56.2,59.6,5
"393",2193,62.5,52.3,65,70.4,59,53,55.4,58.7,5
"394",2236,61,51.2,63.6,68.8,58.9,52.8,53.3,55.8,5
"395",2279,61.6,52.1,63.3,68.4,59.1,53.2,53.2,56.9,5
"396",2322,63.1,53.8,63.8,68.9,59.6,53.5,55.2,60,5
"397",2365,61.3,52.2,63.1,68.1,58.8,52.5,55,59.2,5
"398",2408,57,48.6,60.8,66.5,57.2,50.9,54.7,58.3,5
"399",2451,57.8,49.3,60.4,66.6,57.1,50.8,55,59.2,5
"400",2494,58.9,50.1,61.5,68.1,56.7,50.2,54.9,58.8,5
"401",2537,57.9,48.5,62.1,68.8,56.8,49.5,54.4,57.7,5
"402",2580,56.5,46.6,61.3,67.8,56.9,49.2,53,55.4,5
"403",2623,54.9,45.2,59.7,66.1,56.3,49,50.7,52.2,5
"404",2666,55,45.7,59,65.6,56.3,49.8,48.5,51.1,5
"405",2709,56.4,47.4,59.8,66.1,56.5,50.5,48.3,52.8,5
"406",2752,57,48,60.4,65.9,56.3,49.9,48.8,54.1,5
"407",2795,57.5,48.9,59.5,64.9,55.3,48.9,49.8,55.4,5
"408",2838,57.3,49.5,57.6,63.3,54,48.8,49.5,55.2,5
"409",2881,55.3,47.8,57.1,62.7,53.5,48.3,48.6,53.7,5
"410",2924,52.9,45.5,56.2,62,51.1,45.8,47.5,51.9,5
"411",2967,53.1,45,55.1,60.9,49.9,44.3,47.3,50.7,5
"412",3010,53.7,45.3,53.9,59.7,50.8,45,46.3,48.6,5
"413",3053,53.8,45.8,55.2,61.1,51.7,46.5,46.3,48.5,5
"414",3096,55,47.2,54.4,60.4,51,46.6,44.2,47.2,5
"415",3139,58.5,51.4,53.5,60.1,54.8,49.7,43,47.5,5
"416",3182,59.6,53.2,51.8,58.9,57.1,51.4,42.4,47,5
"417",3225,59,53.2,50.6,56.9,55.8,50.5,43.5,46.7,5
"418",3268,56.4,50.6,49.1,53.9,50.5,46.6,44.8,46.6,5
"419",3311,54.5,47.9,48,52.1,48.9,44.6,46.2,47.6,5
"420",3354,53.7,45.9,48,52.6,48.3,43.6,47,49.4,5
"421",3397,52.9,45.1,48.2,53.1,47.9,43.1,47.2,49.6,5
"422",3440,51.6,44.1,47.2,51.5,47.2,42.5,46.6,46.7,5
"423",3483,50.9,42.2,46.6,49.8,46.7,41.8,45.5,44.2,5
"424",3526,51,41.4,46.3,50.1,46.1,41.2,44.2,44.3,5
"425",3569,52.4,44.2,46.7,52.1,47.1,41.9,44.5,45.6,5
"426",3612,51.8,44.1,46.6,52.8,47.1,41.7,43.1,44.9,5
"427",3655,51.6,44.6,46.7,53.6,46.7,42.3,42.2,45,5
"428",3698,51.7,45.5,45.7,52.6,46.5,43.3,41.3,45.2,5
"429",3741,51,45,45.7,52.2,45.8,43.2,41.9,44.9,5
"430",3784,52.4,46.2,46.1,52.2,46.6,43.3,43.6,44.7,5
"431",3827,52.7,46.4,44.6,51.1,47,43.4,43.8,46.2,5
"432",3870,52.6,46.2,45.5,52.8,48,44.3,44.8,49,5
"433",3913,53.4,47.4,45.6,52.4,48.2,44.7,44.9,49.7,5
"434",3956,54.4,48.8,45.5,51.2,49.6,47.3,44.8,49.3,5
"435",3999,53.6,48.2,46.2,51.7,50.3,48.7,45.5,49.6,5
"436",4042,51.3,45.7,45.6,50.5,47.7,46.3,45.3,49.4,5
"437",4085,49.1,43.2,44.5,48.8,44.9,43,43.8,47.7,5
"438",4128,48.4,42.2,42.9,46.9,44.8,42.3,41.9,45.4,5
"439",4171,47.8,41,40.7,45.4,43.4,41.1,39.8,43.1,5
"440",4214,47.2,40.4,40.3,46.4,42.3,40,39.6,42.6,5
"441",4257,45.3,39,39.7,46.8,42.1,38.9,39.7,42.6,5
"442",4300,44.7,38.3,39.9,48,42.7,38.9,38.3,42.3,5
"443",4343,46.5,40.1,41,49.7,41.6,38.8,37.7,42.2,5
"444",4386,47.7,41.5,42.5,51.9,39.6,38.7,38.1,42.7,5
"445",4429,46.8,41.2,43.5,53.2,40.5,40.1,38.1,42.7,5
"446",4472,46.5,41.5,43.9,53.6,42.1,41.2,37.3,41.4,5
"447",4515,47,41.7,43.8,53,41.8,40.5,37.5,42.4,5
"448",4558,45.8,40.5,42.7,51.1,40.5,39.6,38,42.7,5
"449",4601,44.6,38.8,40.2,47.3,40.5,39.1,37.5,41.1,5
"450",4644,45.7,39.1,38.2,44.6,41.1,39.3,37.6,41.3,5
"451",4687,45.4,38.6,37,44.3,40.1,38.6,37.1,41.8,5
"452",4730,43.1,36.8,36.3,44.8,39.6,37.3,35.7,40,5
"453",4773,43.7,37.5,36.8,45.4,40.3,37.6,35.2,38.6,5
"454",4816,44.7,38.4,37.5,45.9,38.5,37,35,39.4,5
"455",4859,43.9,37.8,38.5,47.2,37.5,36.5,35.4,40.8,5
"456",4902,42.1,36.3,38.3,47.2,37.5,36.2,34.9,40,5
"457",4945,42.8,36.7,37.4,46.4,38,36.8,34.8,39.1,5
"458",4988,43.3,37.7,36.4,45.2,38.9,38,34.3,37.6,5
"459",5031,42.5,37.8,35.8,44.4,38.1,37.3,33.3,35.7,5
"460",5074,43.2,38.8,35.7,44.1,36.9,36.2,33.7,36.6,5
"461",5117,42.8,38.9,34.7,42.4,35.6,35.5,34.1,36.9,5
"462",5160,41.5,38.2,34.3,40.8,35.5,35.9,34.1,36.6,5
"463",5203,40.9,37.8,33.5,39.5,35.3,35.7,33.8,36.6,5
"464",5246,40.4,37.2,33.1,38.8,34.7,35.1,34.1,36.6,5
"465",5289,40.3,36.6,32.6,38.2,34.6,35.2,33.9,35.7,5
"466",5332,39.6,35.5,31.6,37,34.6,35.4,33.7,35.4,5
"467",5375,39.2,34.7,31,36.1,33.9,34.4,33.1,35.3,5
"468",5418,39.6,34.8,31,35.4,33.7,34.2,33,34.4,5
"469",5461,39.4,34.7,31.2,35.5,33.8,34.8,33.3,33.7,5
"470",5504,38.6,34.5,31.3,34.8,34.4,35.5,33.8,34.6,5
"471",5547,36.9,34,31.1,33.8,35,35.7,33.5,34.6,5
"472",5590,36.9,33.3,31.3,33.6,34.9,35.5,33.5,34.2,5
"473",5633,38.1,33.8,32.4,34,35,35.6,34.5,34.9,5
"474",5676,37.5,33.5,32.1,33.3,34.7,34.8,34.4,34.7,5
"475",5719,37.7,33.3,32.2,33.2,34.7,34.7,34.7,34.6,5
"476",5762,38.2,33.1,32.3,33.3,34.5,34.8,34.7,34.5,5
"477",5805,39.6,34,33.6,35.3,35.6,35.7,35.5,35.3,5
"478",5848,39.6,33.9,34,37.2,35.8,35.7,35.5,35.6,5
"479",5891,39.2,33.9,34,37.7,35.7,35.7,35.4,35.7,5
"480",5934,38.6,33.8,33.8,37.3,35.4,35.5,35.4,35.8,5
"481",5977,37.7,33.7,33.7,36.8,35.2,35.5,35.5,36,5
"482",6020,37.5,34.1,34.1,36.9,35.7,35.9,35.6,36.1,5
"483",6063,37.3,34.1,34.5,37.9,35.8,35.9,35.5,35.9,5
"484",6106,37.4,34.3,35.2,39.1,36.2,36.1,35.6,36.1,5
"485",6149,37,34.4,35.3,39.5,36.5,36.3,35.7,36.1,5
"486",6192,36.6,34.3,35.3,39.9,36.6,36.4,36,36.4,5
"487",6235,36.3,34.3,35.3,39.9,36.4,36.1,36.2,36.6,5
"488",6278,37.2,34.4,35.4,40.5,36.2,36.2,36.3,36.7,5
"489",6321,37.4,34.3,35.3,41,36,36,35.9,36.6,5
"490",6364,36.8,34.3,35.1,39.7,36.4,36,36.1,36.6,5
"491",6407,36.6,34.2,35.2,40.4,36.8,36.1,36.3,36.6,5
"492",6450,37.9,34,36.2,43.7,36.8,36.5,36.5,37.3,5
"493",6493,38.2,33.3,36.8,45.5,36,35.6,35.8,37.5,5
"494",6536,38.8,33.6,37.1,46.8,36.2,35.5,35.8,37.6,5
"495",6579,39.8,33.8,37.3,47.9,36.7,35.5,35.9,37.3,5
"496",6622,40.8,33.9,37.9,48.2,37.1,35.6,36,37.5,5
"497",6665,41.4,33.7,39.1,48.2,36.7,35.5,35.9,37.9,5
"498",6708,41.7,32.7,39.5,48.8,35.5,34.4,35,37.7,5
"499",6751,43.4,32.9,40.4,51.1,36.5,34.9,35.4,38.5,5
"500",6794,46,32.8,41.6,53,38.3,35.5,35.6,39.8,5
"501",6837,48.5,32.7,44,54,41.8,36.4,36.4,41.3,5
"502",6880,49.9,32.9,46,54.2,43.6,36.9,37.9,42.8,5
"503",6923,49.7,32.1,45.2,53.8,41.7,35.5,37.4,43.1,5
"504",6966,49.3,32.5,43.9,53.6,42.5,35.4,36.8,42.5,5
"505",7009,48,32.5,42.5,52.7,42.7,35.8,35.7,41.1,5
"506",7052,47.4,32.7,43.4,53.9,43.2,36.8,35.9,43,5
"507",7095,46.1,32.3,43.3,54,44.8,37.6,35.5,42.5,5
"508",7138,46.5,33.2,43.1,54.2,45.4,37.9,35.3,42,5
"509",7181,47.2,34.6,43.7,54.8,45.4,37.8,36.1,43.1,5
"510",7224,46.9,35.2,43.8,54.7,45.1,37.5,36.3,42.8,5
"511",7267,45.4,35.2,42.5,53.3,43.8,37.3,35.5,40.9,5
"512",7310,44.2,35.4,41.4,51.8,43.7,37.6,35.5,40.3,5
"513",0,0,0,0,0,0,0,0,0,6
"514",100,43.2,52.9,77.4,81.1,41.9,41.6,38.4,42.1,6
"515",129,50.8,51,82.1,88.3,50,49.4,42,49.9,6
"516",172,59.2,52.4,89.9,96.3,58.9,58.4,50,59.4,6
"517",215,60.3,52,92.1,97.7,59.3,58.9,51.1,60.4,6
"518",258,58,50.8,93,97.4,56.2,56.1,49.6,57.7,6
"519",301,54.7,48.7,92.8,96.6,53.2,53.7,49.9,55.4,6
"520",344,52,46.1,93.5,96.9,52.8,53.1,51.4,54.2,6
"521",387,53.5,45.8,95.7,100.1,54.8,54.7,56.4,56.7,6
"522",430,57.8,47.7,99.2,103.7,58.3,57.9,59,60.8,6
"523",473,58.3,47.8,100.9,104.6,59.2,60,58,61.6,6
"524",516,54.9,44.8,100.9,103.9,56.7,58.9,57.7,59.9,6
"525",559,53.3,42,100.6,104.9,53.8,56.7,60.6,61.8,6
"526",602,54,41.4,100.7,105.5,54.7,57.3,59.6,63.3,6
"527",645,52.4,41.6,100.6,104.7,55.2,57.2,58.9,64,6
"528",688,52.2,41.9,100.4,105.5,55.4,56.7,62.4,67.3,6
"529",731,54,41.1,101.3,107.1,54.8,56.8,63.4,68.6,6
"530",774,53.2,39.2,102.3,106.8,54.9,58.4,64.9,68.6,6
"531",817,50.7,39.8,104,107.4,53.3,57.4,68,69.9,6
"532",860,50.2,42.5,104.4,108,50.5,54,69.3,70.4,6
"533",903,53.8,44.6,104.2,107.4,52.2,53.9,69.1,70.4,6
"534",946,53.8,44.8,103.4,105.2,52.6,55.1,70.2,72,6
"535",989,51,43.5,101.8,100.9,50.6,54.1,72.3,72.4,6
"536",1032,49.3,42.3,100,97.5,48.6,52.9,74,71.9,6
"537",1075,48.7,41.3,97.6,95.1,48.5,52.7,77.1,72.9,6
"538",1118,47.9,40.1,96.9,93,49.3,54.5,81.7,74.2,6
"539",1161,44.7,38.9,94.8,90.1,49,55.4,81.2,74.8,6
"540",1204,44.1,38.2,90.5,91.1,49.2,54.8,75.9,73.6,6
"541",1247,44.5,37,89.9,91.2,49.3,54,70.2,72.4,6
"542",1290,45.2,35.7,91.2,90.1,47,52.6,70.8,72.2,6
"543",1333,45.5,34.8,91.1,90.8,47.5,52.7,72.8,72,6
"544",1376,46.6,34.8,90.1,91.9,50,52.3,72.1,73.6,6
"545",1419,48.3,35.1,87.3,90.4,49.6,51.8,68.9,74.3,6
"546",1462,47.5,36,86.5,90.3,47.2,52.5,68.9,72.8,6
"547",1505,47.6,36.7,89.2,91.5,45.9,51.4,72.7,71.3,6
"548",1548,47.8,36.1,89.8,90.5,46.2,48.8,74,70.2,6
"549",1591,49,34.7,89.2,89.2,47.7,48,73.7,69.5,6
"550",1634,51.2,32.9,88.3,89.5,48,46.4,72.7,68.7,6
"551",1677,52.1,31.7,87,90.5,49,44.9,70.7,69.5,6
"552",1720,52.1,31.1,86.9,90.7,51.5,46.4,69.8,70.5,6
"553",1763,53.8,31.2,88.3,90.7,53.3,48.4,69.3,70.8,6
"554",1806,57.4,31.6,88.4,91.3,55.5,48.4,67.3,71.1,6
"555",1849,60.6,32.6,88.3,92.3,57.3,47.9,67.3,72.4,6
"556",1892,62.7,33,88.6,92.7,56.7,45.7,66.2,71.8,6
"557",1935,63.9,31.4,88.4,92.5,55.1,42.1,65.4,69.7,6
"558",1978,65.2,31.6,88.8,93.5,53.7,41,67.5,68.8,6
"559",2021,66.1,32.7,90.8,93.9,52.7,41.2,70.2,69.8,6
"560",2064,68.3,34.3,91.9,95,54.7,43.4,71.6,70.8,6
"561",2107,70.2,36.6,90,96,57,46.1,69.9,72.4,6
"562",2150,71.4,37.2,89,97,56.3,46.8,70.6,74.5,6
"563",2193,71.2,36.4,89.3,97,57.1,46.9,71.4,75.1,6
"564",2236,69.9,35.4,88.2,95.1,59.7,46.1,68.5,74.9,6
"565",2279,70.4,36.4,87.5,94.4,63.1,46.3,69.6,75.9,6
"566",2322,72,37.1,85.2,93.9,65.7,48.2,68.4,77.6,6
"567",2365,71.3,35.9,83.1,92.6,66.1,47.8,67.5,77.1,6
"568",2408,69.2,35.2,82.1,90.5,66.5,45.1,66.9,74.7,6
"569",2451,68.7,35.1,83,88.9,66.4,42.9,67.5,74.3,6
"570",2494,67.2,34.6,84.4,87.5,65.3,41.7,68.6,73.3,6
"571",2537,63.8,34.6,84.9,85.5,64.1,41,69.7,71.8,6
"572",2580,61.2,34.6,83.9,83.3,63.2,39.9,69.6,70.9,6
"573",2623,57.8,34.3,83.3,81.2,62.4,38.9,68.6,69.4,6
"574",2666,55.8,34.5,83.7,80.7,61.9,39.7,67.8,69,6
"575",2709,55.9,35.1,82.6,81.1,61.6,40.2,67.5,69.3,6
"576",2752,56.6,34.9,81.9,80.4,63,40.3,67.4,69,6
"577",2795,58.5,35.1,82,81.4,64.9,41.8,68.3,69.8,6
"578",2838,58.9,35.2,80.2,81.5,63.5,42,66.7,68.9,6
"579",2881,58.6,35.9,79.1,80.7,62.5,43.3,66.5,68.3,6
"580",2924,57.6,35.3,77.6,78.8,61.7,43.6,68.7,67.4,6
"581",2967,55.5,35.1,77.3,77.9,60.1,43,69.1,66.1,6
"582",3010,54.1,34,78.7,77.5,57.6,41.5,66.8,64.8,6
"583",3053,53.9,33.1,80.6,76.6,57.7,40.3,67.9,65.5,6
"584",3096,52.7,32.4,81.2,75.9,57.5,39,68.3,65.3,6
"585",3139,54.9,34.6,81.5,77.6,60.2,42,66.3,66,6
"586",3182,56,35.7,80.6,78.3,62.9,43.5,65.7,66.8,6
"587",3225,56.1,35.7,79.3,79.7,64.9,42.3,67,67.6,6
"588",3268,54.6,34.8,78.1,80.7,64.3,44.9,66.6,68.1,6
"589",3311,52,34.1,77.6,80.7,61.4,45.6,63.3,67.6,6
"590",3354,49.8,32.7,77.4,79.9,58.8,42.9,57.7,66.3,6
"591",3397,49.5,32.3,77.7,79.6,57.5,41.4,58,66.5,6
"592",3440,48.1,31.9,76.1,79.2,55.7,41.4,57.6,65.1,6
"593",3483,47.8,30.9,72.3,79.1,53.9,41.7,55,64.4,6
"594",3526,48,30.4,70,79.4,56.2,40.7,53.7,64,6
"595",3569,49.4,30.6,68.9,78.9,58.3,41.3,54.6,63.9,6
"596",3612,50.2,30,67.4,76.2,59.2,40.6,56.4,63.2,6
"597",3655,50.9,30.4,68.1,74.7,60.8,39.6,58.3,63.2,6
"598",3698,50.3,30.4,67.7,72.9,60.3,40.3,57.4,61.5,6
"599",3741,48.4,30.1,67.1,71.7,58.1,40.3,55.6,60.3,6
"600",3784,46.7,30.7,66.8,70.9,56.3,39.8,55.7,60,6
"601",3827,44.3,30.6,64.7,68.1,55,39.2,55.4,58.1,6
"602",3870,44.2,31.3,64.9,68.6,54.5,39.5,55.4,58.5,6
"603",3913,44.4,31.3,65.2,69.1,53.7,38.7,54.2,59,6
"604",3956,42.8,31.4,64.1,68,54.3,39.2,52.8,59,6
"605",3999,43.1,31.6,64,67.2,55.1,40.3,52.6,58.3,6
"606",4042,42.8,31.4,62.9,66.9,54.1,40.1,51.5,56.9,6
"607",4085,42.4,31.6,62.4,66.8,53.5,39.9,50.9,57.3,6
"608",4128,43.5,32.1,62.2,66.8,55,41.1,50.7,57.8,6
"609",4171,42.6,32.2,62.2,67.2,56.3,41.8,50.7,57.3,6
"610",4214,41.1,32.1,62.4,68.1,56.3,41.8,50,57,6
"611",4257,42.1,32.3,62.2,67.6,55.1,40.8,49.4,56.1,6
"612",4300,43.2,32.4,61.3,65.6,55.6,40.1,48.5,54.8,6
"613",4343,41.9,32.4,60.3,64.2,55.6,39.9,47.2,54.3,6
"614",4386,41,32.5,60.3,64.2,54.8,40,46.9,55.2,6
"615",4429,40.7,32.4,60.5,63.7,54.6,39.8,46.4,55.3,6
"616",4472,40.9,32.3,60,62.7,55.2,39.9,45.2,53.3,6
"617",4515,42.3,32.3,59.7,62.7,56.8,39.5,44.5,52.1,6
"618",4558,42.5,32.2,59.6,61.9,57.7,38.7,44.3,52.1,6
"619",4601,42.9,31.9,59,60.5,58.4,38.7,44.4,52.3,6
"620",4644,44.7,31.9,58.8,60.2,59.9,39.8,44.7,53.4,6
"621",4687,45.6,31.9,58.8,59.8,60.2,40.4,45.1,53.7,6
"622",4730,44.6,31.2,57.9,59,58.9,39.2,45.4,52.8,6
"623",4773,43.5,31.3,58.3,60.4,57.5,38.7,47.6,52,6
"624",4816,42.4,31.3,58.6,60.4,56,38.3,50.3,51,6
"625",4859,41,31.3,58.5,57.9,54.7,37.4,50,50.3,6
"626",4902,38.2,30.7,58,53.6,52.2,35.9,48,49.3,6
"627",4945,36.5,30.8,57.5,53.3,50.1,35.1,48.5,48.6,6
"628",4988,36.7,30.8,56.8,55.8,49.1,34.9,47.8,47.4,6
"629",5031,36.7,30.5,56.2,56.6,48.1,34.7,47.5,46.7,6
"630",5074,36.2,30.5,56.4,55.1,47.9,34.8,49,46.6,6
"631",5117,35.4,30.7,56.6,53.6,47.4,35,51.5,47.4,6
"632",5160,35.1,30.9,56.6,54.6,46.3,35,51.9,48.5,6
"633",5203,35,31,56.6,55.5,46,34.8,49.8,49,6
"634",5246,34.9,31,56.5,54.4,45.5,34.5,49,49.3,6
"635",5289,34.9,31.2,56.8,53.4,44.9,34.5,50.9,49.4,6
"636",5332,35.2,32,57.5,55,44.8,35.1,52.8,50,6
"637",5375,34.8,32.1,58,55.7,44.2,35.1,53.7,51.9,6
"638",5418,35,32.4,58.3,56.3,43.8,35.3,53,52.9,6
"639",5461,35.3,32.4,57.8,56.1,43.1,35.4,50.4,52.4,6
"640",5504,35.8,32.8,58.6,55.6,42.3,35.9,50.2,52.3,6
"641",5547,35.4,32.8,59.1,56.5,41,36,50,51,6
"642",5590,35.3,33,59.8,57.6,40.6,36.1,48.4,51.5,6
"643",5633,36,34,61.6,59.1,40.9,36.9,50.8,52.9,6
"644",5676,35.9,34.2,61.5,60,40.4,36.8,50.3,52.6,6
"645",5719,35.7,34.3,61.7,62,40.3,37,48.1,53.9,6
"646",5762,35.9,34.4,62.2,63.4,40.4,37.1,46.9,54.6,6
"647",5805,36.7,35.2,62.6,64.2,40.8,37.4,45.9,53.9,6
"648",5848,36.3,35,62.4,64.5,40.3,37.5,44.5,51.5,6
"649",5891,36.5,35,62,65,39.6,37.7,43.3,50.6,6
"650",5934,36.8,35,61.8,66.3,39.4,37.6,42.3,50.6,6
"651",5977,36.7,35,63.1,68.4,39.4,37.7,42.2,51,6
"652",6020,36.8,35.5,65.4,69.9,39.5,37.9,42.5,51,6
"653",6063,37.1,35.8,67.4,70.8,40.2,37.8,43.7,51.5,6
"654",6106,37.3,35.8,68.5,72.1,39.8,37.1,44.3,51.7,6
"655",6149,37.6,35.7,68.5,72.3,39.9,37.1,43.7,50.9,6
"656",6192,37.8,35.4,68.4,72.1,40.7,37.3,42.7,50.1,6
"657",6235,37.5,35.4,68.7,72.3,41.9,37.2,42.7,49.9,6
"658",6278,37.6,35.5,68.2,71.3,42.7,37,42.2,48.9,6
"659",6321,37.3,34.8,66.4,69,42,36.1,42.2,46.6,6
"660",6364,37,34.6,65.2,67.3,42.2,36.4,42.3,45.3,6
"661",6407,36.6,34.7,64.7,66.5,43.2,36.4,41.8,44.8,6
"662",6450,36.7,35.1,64.6,67.3,43.7,36.6,41.3,44.8,6
"663",6493,35.7,34.2,62.7,67.2,42.3,35.6,40.2,44.2,6
"664",6536,35.5,34.3,62.3,66.8,42.4,35.7,40,43.7,6
"665",6579,35,34.3,63,66.7,42.4,35.7,39.2,43.4,6
"666",6622,34.7,34.3,64.2,66.9,42.1,35.8,38.9,42.8,6
"667",6665,34.8,34.6,65,66.1,41.9,36.4,40.1,42.2,6
"668",6708,34.1,33.8,65,64.4,41.3,35.5,40.2,41.6,6
"669",6751,34.1,33.7,64.5,65,42,35.5,40.6,40.8,6
"670",6794,34,33.7,63.6,65.1,43.5,35.9,40.1,39.2,6
"671",6837,34,33.9,64.3,64.1,44.9,36.3,40.5,39.2,6
"672",6880,34.2,34,63.7,63.1,45.9,37,39.3,39.6,6
"673",6923,34.1,33.6,61.5,62.9,46.7,37,38.2,38.5,6
"674",6966,34,33.6,61.1,62.9,46.9,37.2,38.9,37.7,6
"675",7009,34,33.5,62.9,62.5,46.2,36.8,39,37.8,6
"676",7052,33.9,33.5,63.3,62.6,44.7,36.5,39.7,39,6
"677",7095,34,33.8,62,62,44.4,37.4,39.1,39.4,6
"678",7138,33.9,33.9,59.6,59.3,45.3,38.9,38.6,38.5,6
"679",7181,34.1,34,57.1,56,46.2,40,38.7,39.1,6
"680",7224,34.2,34.2,56,53.6,45.9,39.6,38.1,39.7,6
"681",7267,34.3,34.4,55.2,51,44.9,39.5,37.3,39,6
"682",7310,35.1,34.8,55.4,51.9,44.9,40.1,37.4,39.3,6
"683",0,0,0,0,0,0,0,0,0,7
