"f"	"REUG_right"	"REOG_65_right"	"REAG_55_right"	"REAG_65_right"	"REAG_80_right"	"REUG_left"	"REOG_65_left"	"REAG_55_left"	"REAG_65_left"	"REAG_80_left"
"1"	0	0	0	0	0	0	0	0	0	0	0
"2"	43	0	0	0	0	0	0	0	0	0	0
"3"	86	41.0387291276006	41.5492784108964	36.272273217369	47.9494340077728	53.2210179656561	40.6054091175483	41.2249424852295	36.1866138128591	48.2562802681609	52.0748096755348
"4"	129	46.5990092923333	47.0779441974148	38.423064347167	49.5734871433315	59.960522736144	47.5871861375319	48.0520152868384	38.9244447236995	50.1502913698056	60.4941723214154
"5"	172	49.5157406784161	49.9676724983785	40.3778937781282	50.7640038555088	63.6410492091164	52.8747631631436	53.4243263477533	43.367042495833	53.6415691405492	66.4640740891387
"6"	215	55.3777988771659	55.9126207907159	46.7642352300836	56.4712944594647	70.513982632803	54.7269635843655	55.4065665432519	46.0888886828841	55.7937440597786	69.4437600936102
"7"	258	57.2118554829076	57.5998495323159	48.5794669342801	58.0526125809758	71.5628694022687	54.4963372216234	54.8835363291718	46.4625822982347	55.9210258776953	69.3826828871164
"8"	301	50.55216117032	50.4157128549525	41.4821779881626	50.8751764141306	64.0503929050607	53.9913617614603	53.2290606612098	44.7941578650992	54.2523116867246	67.9158187304162
"9"	344	48.6620084708038	48.1583594884035	38.8761105394988	48.3380641459724	62.3192920854307	55.9831935815819	55.2070757473588	45.4508045276077	55.1389582851595	69.302379165452
"10"	387	53.1071274457889	53.0402311111179	43.081108371245	52.7043706208615	66.9737273236615	58.8878308658208	58.7191619883201	48.7194341666245	58.430623636672	72.5662752833283
"11"	430	56.998877006109	57.4134360598617	46.9899013494944	56.8745968292289	71.5079205101435	59.5045799673365	59.218546980245	49.0495013576419	58.8502392095879	73.2274510257644
"12"	473	58.4623290535045	58.6815564687287	48.6774132653888	58.5685426978134	73.1780555270525	58.9905594121253	58.3903948214104	48.1684163696293	58.3382549765371	73.0737777179411
"13"	516	57.6626652685936	57.659743617103	49.0883208682426	58.8369029893628	73.1889269751518	56.9610809119625	57.0377944339778	48.1259481484863	58.1555709207325	72.8923419454493
"14"	559	56.2613332363681	56.3504666143111	48.1850797492113	57.9469567305126	72.584231084031	55.6274615436647	56.6885375047833	47.457653237579	57.2808532446661	72.1637957757214
"15"	602	56.8579483921461	57.4187575733528	47.5720252053416	57.6618470527083	72.7185963976419	56.9034719963896	57.7693323823049	46.9415191329447	56.6616222986398	72.0144327258947
"16"	645	57.8673214497027	58.900840994746	47.5028567195555	57.7331842315937	73.2606417676581	57.2148920677682	58.1234506940392	47.1064254189932	56.6429612462183	72.7103582524715
"17"	688	58.6642871364271	59.7636621937877	48.5138163418495	58.4797852506587	74.3054498550049	56.5408031189422	58.0524481625061	47.2396213005744	56.6133513306694	73.2009524719281
"18"	731	55.073676788576	55.6394121824176	45.1817324947517	54.9595824817362	70.6755587898758	53.6294482682649	56.05210471352	44.8113285216682	54.3808160674194	70.9681623012027
"19"	774	55.0309705130459	55.3387101182284	44.6828885256358	54.3838253973972	69.9091973198555	51.7747267944311	54.7620094178042	42.668734249209	52.0031318091752	68.3866271827087
"20"	817	53.5116225279439	53.7743385483035	45.8065549360462	54.9642639627111	69.9474581980511	50.1730501728003	52.8435126230584	42.9560191105151	51.5043375062624	66.9511630617327
"21"	860	51.2764111701288	52.053165215511	45.9048425729209	55.0264363676093	70.4893659459844	49.0667487863345	51.3954150278857	43.3049147133208	52.1029646076495	67.4002797706224
"22"	903	49.931215175557	51.1906586639871	47.3802519083953	55.6873222956722	71.3369797804692	49.4938572843239	51.0569857107802	45.4643792177824	53.8655621896851	68.47817605133
"23"	946	50.6250573531546	51.1316504299158	48.6571283482342	56.2330042135615	71.2417514754097	50.2472331695041	50.1135289705007	47.1108184858657	54.5987492138962	68.273919574734
"24"	989	51.2649559283053	51.2271252752177	48.6752465303895	55.7177424436573	69.018067677542	51.3335285194005	50.371627434615	47.8677294000489	54.5509986293548	66.5672358823765
"25"	1032	52.3276349778045	51.8975898251284	52.1759761668221	59.6747048369149	71.8595742674719	51.9597730774259	51.1214371337737	51.0366272709211	57.4236672707096	68.7443846218357
"26"	1075	50.7862997757404	50.5524964340427	53.1649662580838	60.4485673706271	72.1832275505623	51.8633040472648	50.967163841301	53.2540067835949	59.5156212835989	70.0755810146373
"27"	1118	47.5958155456909	47.9469327897603	51.637485779609	58.3297087419814	68.4129034579645	51.313063004348	50.9124517789497	53.1610544143223	59.0840950799432	67.8048339704596
"28"	1161	47.6627695007968	48.2800249310206	54.6367699993631	60.6956563643052	69.6327593278677	49.9192864662705	49.9881365770842	53.5174230134553	58.6872424354369	66.1344403356553
"29"	1204	51.3424284508211	52.2374572897779	57.0439456515028	62.3172138455614	71.0919495606675	51.0638715152982	50.7280003039347	53.148587071382	58.4770997838214	66.1341939681906
"30"	1247	52.5563015738285	53.667227641682	56.4088097603365	60.8325098364371	69.2025424111198	52.9387530933846	52.4665148620646	54.5019101430761	59.1177998889853	68.1135572014474
"31"	1290	51.4228124099278	52.5850552382581	54.9509575999907	59.588365930592	68.7010839753997	52.4480320092	52.5910820188699	55.022181480494	59.5726513004387	69.5888162577396
"32"	1333	51.4764769946236	52.2404391829353	54.2901324602616	59.5064023082693	68.8936930020658	51.1667806952979	53.2879682881758	53.4384455432242	58.8343928837878	69.1896206660496
"33"	1376	53.5938016302385	54.0060550010977	56.2527631516878	61.33904623203	71.1815868022299	50.7670147148347	53.7338369460206	53.4810081970814	58.6174816709276	68.8728681608052
"34"	1419	52.9103084028073	53.3896991013564	57.6084241153527	62.849711744102	72.6925159049789	49.8053205019001	52.3483075505113	53.6157104515619	58.6959132159078	68.8141845099333
"35"	1462	50.1696978954319	50.54635930451	57.4353745708346	62.9587133779539	72.51018990021	47.8020692412726	49.625342207448	53.9323262186474	59.39717322802	68.7714200052025
"36"	1505	52.7471524981618	52.1659425300345	61.1980701371529	66.2922376116775	75.600949828006	47.6685473187465	48.2282999503558	55.1745064324897	61.2480202163428	69.6431010399101
"37"	1548	55.4010653680397	54.6225777607468	63.9683180294539	68.9366238597259	78.4126058990039	49.6041757071839	50.4757997256463	57.8423727789292	64.0363846831935	72.9599515316613
"38"	1591	55.0055446801974	54.8892208316676	64.5578582046972	69.4453321429938	79.5544471821791	52.1109859967122	52.7355581278153	61.2563859727142	66.9783340649841	77.2775079123746
"39"	1634	54.4869138397083	54.7453610883757	64.9961061161959	69.2457298464835	79.7075318588412	53.4053883940284	53.3325277266032	64.315925033535	69.6095582650701	80.3717639301588
"40"	1677	56.2491845904684	55.6954750487789	66.4064936453908	70.4621259169799	81.1384314706549	53.2718340714392	53.2102898498418	65.8555688820684	70.9860587287472	81.78349241994
"41"	1720	58.4219134498262	57.7444806653988	68.4456803291158	73.3866502089904	83.7707602693669	55.6360771106848	54.5054309463573	65.5499365676447	70.9108833639045	81.7010647727646
"42"	1763	59.2007905867812	59.8883047767544	70.0239690243714	76.5676635920265	86.8576586551137	59.0032400101144	57.3009797660995	65.7971155173634	72.6783468965916	82.8420893896099
"43"	1806	58.5714410229777	59.5695686090562	70.8031195045926	78.3599013704337	88.1278090677546	59.1302494593744	57.3949114974944	67.8300529973336	75.2106979047169	85.3229523069096
"44"	1849	59.3894394133014	58.4352738061177	71.2615016102835	78.5283020572997	87.2052655038304	56.9992233565271	54.9186927631965	68.7792814499998	76.2268368572553	85.4098216425211
"45"	1892	60.0954311603276	57.6075418566649	70.8594901556655	77.4192765550113	85.8727013012483	55.6152530562797	53.816452070343	69.2987214449798	76.0751571713915	84.8096249898263
"46"	1935	57.8204205913764	54.5908167311154	70.0929765575316	76.21405454196	86.145519871038	54.5165599235467	53.2050047427416	69.0640507387193	75.2052032489381	85.2798141014361
"47"	1978	55.6895464246919	53.130155140441	71.7904063355456	77.5095141628697	88.2562932586854	54.336533571395	53.400051592235	70.3074035629943	76.3329090891481	86.5003206012193
"48"	2021	54.6361277804912	53.1772564394573	71.9103711745054	78.0006780590724	88.4374941826838	54.0210681803664	53.5252175911775	70.7139659740253	76.9271188851415	86.7345329333671
"49"	2064	55.2037505555234	54.1703838869206	71.0432112974318	79.5036296547671	88.5734243116615	54.7354421543162	54.2667733046038	70.5055717787263	78.5036983019261	87.3433239372686
"50"	2107	56.7364577874043	54.8249273281891	70.6245484936497	80.4780855767088	88.5833061815135	55.6941993986153	54.6615946968168	70.6900198678939	80.038630802239	88.699347475723
"51"	2150	56.7091594685826	54.9814836282531	71.5181470109523	81.4448574309606	89.1903942307036	55.8902494053614	54.299363421396	71.3968772651246	81.0649919148731	89.8363004208723
"52"	2193	54.9614592828527	53.0853593759029	72.4634454438404	82.379029058573	90.0128104106441	54.650756031218	52.0339130689102	71.4899767729538	80.8728873573544	89.3792364801238
"53"	2236	53.689424425648	50.9509798491044	71.4919852136379	81.5023236680665	89.0185055463187	54.177234561576	50.5379582753504	69.6310507140735	79.1982071751145	86.708194078016
"54"	2279	54.0758347376564	51.0333632808567	70.6910665242042	80.0352864093002	88.1411070582914	54.4372719028202	51.0714858708071	69.0793240520598	77.768068415533	85.2606845724439
"55"	2322	54.5758918839169	52.1701887634742	70.866459124663	78.3348550601288	87.3955935427896	53.346688562466	51.1875754572068	69.5320522181075	76.271195221355	85.4386093908457
"56"	2365	53.518973132356	52.8416581558281	71.1242605805289	77.4917013207542	87.005208517349	49.9626857572273	49.4095385970301	68.477088464722	74.5496347160743	84.4332891747211
"57"	2408	52.2904105599622	52.3245082379765	70.7857037842248	76.6668773043406	86.0379811932149	49.3030210195179	49.4213343569714	66.0064228292534	72.337274966289	82.63346962824
"58"	2451	50.7965817363367	51.6544366139176	70.8364409111252	77.2625082603691	87.2812489342318	49.49025595311	49.7586303387256	67.241300679625	74.3413429608126	85.4062183312074
"59"	2494	51.1500869938289	51.6461236505551	71.8003800871543	78.5421622784235	89.594082478848	49.5193763058474	49.5820936271065	68.4122965345927	75.8179926992997	87.3818803531034
"60"	2537	52.0910775759093	52.0192777937673	72.9271734403788	79.7656712772086	90.2284668567497	49.553891254104	49.5424680029602	68.8551736748722	75.9239104956859	86.733820162606
"61"	2580	51.9494003436851	51.8644545869839	73.4685476236319	81.8470537882778	91.4016462529585	49.5304549192583	48.9190020192961	69.0239193592208	76.0445120827601	85.4806931973808
"62"	2623	51.8727351588113	51.3481833561237	72.6876904117362	82.286172173921	92.1088264262719	49.6805541265021	47.7709852104485	68.5583061515275	76.8727851385288	86.0221149125192
"63"	2666	53.2883422099114	51.4791572529015	71.8505134127997	80.6840668730162	91.6801347104222	49.850134725291	46.6492473104278	67.8390663054304	75.858380307597	86.7361546483341
"64"	2709	54.7732879014813	52.3874286379891	73.3220707233024	80.0370339268811	92.270558426585	49.9330214000303	46.8132401222253	67.9987383820937	74.4442324588614	87.6792120220443
"65"	2752	56.543388063049	52.6076155922075	75.1816456075737	80.4011954484375	93.286452859954	48.839018574495	46.4848374410483	70.4387065092409	74.092617958518	87.4108115468224
"66"	2795	57.9852206037991	54.1796469415316	77.0537530178987	81.6755239053626	94.7618358781249	50.1362664812733	47.9027534398792	73.1277320178781	75.4818678260146	87.5440781132942
"67"	2838	56.6925759840009	53.3387167904075	77.2493661170407	82.50852248191	96.0878695150115	51.0518185159975	48.2284533468406	72.4638119778694	76.7597651186291	88.0219259758873
"68"	2881	55.3174446629756	51.0230272924732	75.973650296791	82.375297565502	95.8956010952928	49.5948392545249	46.8159925994581	70.2437031570877	77.1926219969367	88.5687758978777
"69"	2924	53.0967991567032	49.1375670935961	73.3712116017547	80.4656071371684	93.2151596079815	46.5128620716814	44.6760411151465	67.941392848137	75.3915885081396	86.8677182935913
"70"	2967	51.8110464224672	49.0053257102708	71.6520085041939	79.2127558774185	90.7507501225395	45.8573842347267	44.795595044053	67.8858280574073	75.3339180155887	87.1385001867748
"71"	3010	49.924603156053	47.8423439307856	70.8155206405111	78.3762261607831	89.5882613249214	44.7642656466965	43.8451429703085	67.9863211509937	75.6696390715696	88.0192824020004
"72"	3053	50.3533228135678	47.0908596311223	71.3280625363253	78.3968147900462	91.427300710397	45.5463747633209	43.6177507595822	69.7519033401117	76.6930651540161	89.1840876880443
"73"	3096	51.1384311667127	49.1317674291945	70.4644737637699	77.9315738517224	91.0257444536939	46.0564135749379	44.5697759971515	69.3661196860794	76.8296208601136	88.6843166575631
"74"	3139	53.9970006659811	52.6595201762335	69.6285393512721	77.2196742730508	89.3834585553365	49.2094134544279	48.5685158112186	68.2072871668455	76.4846857872926	88.0528244088392
"75"	3182	54.1941201481356	52.8545449859412	68.9739216237233	75.4642653794445	87.201896761134	50.9518979864212	49.770751177107	66.9551465439822	74.3082745879932	84.9263338516432
"76"	3225	52.8257919376828	51.4209268722238	69.6395115842388	75.1975017665711	87.8396080607907	50.8574789344836	49.2310761351511	67.1196766275689	72.9908563536302	84.153466052533
"77"	3268	50.4967416133605	49.8651883394459	68.8683988875999	74.191399801371	87.6849440115874	48.672178373764	47.5570775350041	66.1267494701281	72.1833837490191	83.9172689208405
"78"	3311	48.9372153657322	47.9619609153368	68.4777398844456	74.6069011291027	87.2688656213315	45.395818304503	44.9009918175422	66.5470640615141	74.6105590012396	85.4403557066294
"79"	3354	47.8879711943035	44.0268031356075	67.6369290707824	74.0389949170929	86.5651828181698	42.4753090069867	40.2062752658203	67.647444185065	75.7410212240742	86.9747030304761
"80"	3397	47.4063918782808	43.3831107683863	66.368995090403	73.2874531349042	86.172984114646	43.9069435729364	41.6150280708752	67.7897441004144	75.2035424341011	87.2282489046379
"81"	3440	48.5333013352874	44.5180353577873	65.757567440151	73.6608233061284	86.2739061171181	45.5152404050371	43.5609148490302	66.8351059799643	75.4277541850133	87.4022383961807
"82"	3483	51.8177078927203	46.4883554375294	66.0822070292388	73.6947589733187	86.2689505767173	46.0427900166946	43.9655437468907	66.8925649899482	76.2567049428734	88.0407511110769
"83"	3526	53.088634721757	47.9726066330211	65.6308419224832	71.7203622976957	84.3892915709927	47.9673389354493	44.644460395332	66.5550014875104	74.7815290517405	86.8655821731751
"84"	3569	55.1867705010916	49.751060052305	66.3002511700864	72.7989854838224	84.8529765472131	53.4424748374115	49.1329335826229	67.2744142727408	73.8168800872623	86.8230126913859
"85"	3612	56.2661999864587	50.6255014218483	67.9976039070539	74.8124466572727	86.853372289553	55.142931587377	50.9811411535615	68.1527859283462	74.9384858640413	88.8559251163436
"86"	3655	56.7746195530402	51.1570537625195	70.7887667413133	77.7753927358283	89.8836548561802	54.8013172617354	51.6201047810044	70.610745210538	78.7018814103728	92.3824013904333
"87"	3698	56.2290341172029	50.9145831585391	70.8561345096964	77.3900543281098	89.8612328330993	53.5689771289171	50.9395504530477	70.4925450671222	77.9194936434623	91.9669838345169
"88"	3741	54.7260113936588	50.4996538829182	69.327244060919	74.9939087051543	87.6335629358678	52.3146824625504	49.8463774309323	69.3792928060828	76.0587137986963	90.2154820706928
"89"	3784	53.505444931879	49.9048593422956	67.9222230349636	75.3835179373152	87.0330651922203	52.0147932217122	49.4456836769864	68.7152847527628	76.4955265278278	89.2569298811623
"90"	3827	52.7201079540827	48.3012164861738	66.496817989945	73.8694166037802	85.804502814174	51.4471117896667	48.2186303985774	66.7257375509268	76.9193607273713	88.6632317912856
"91"	3870	53.4302086102216	48.003896725436	66.0570452327486	74.4924884271487	87.3447223275382	52.3051900094243	47.5909603426264	67.0409203274062	78.3962840207755	89.8009521010281
"92"	3913	52.6841970683675	47.0722732353288	65.6441342010704	74.7757462500162	87.2243930052239	52.4485827137339	46.9658185344009	66.9371530313384	77.6243944474808	88.6889776471919
"93"	3956	53.2172716281296	47.8806684820208	65.2007616260343	74.5506234950544	85.7461831457696	52.6643815785229	47.8842705183197	65.8859926596598	75.9518617890722	87.9199651935103
"94"	3999	54.7879958591919	50.0937427537776	65.7486345420533	74.45704143716	85.7672986811678	54.688743320425	50.7139942197845	66.6014920111472	75.5529858692788	88.5284851696961
"95"	4042	54.2467212153698	49.8467915227954	65.6063775496485	73.7177605993166	86.9535996820008	54.8197833326154	51.0555897003284	66.8602041116458	75.9815482233476	88.2980005193053
"96"	4085	54.5887943783633	48.5476456509993	64.8685297419237	72.5511951091647	87.5541861216219	52.7759665893648	48.2035164401729	65.6381201179445	74.2636896391587	86.8712429286187
"97"	4128	56.2033314797158	50.0482373498289	64.6523132628948	72.193693768461	87.7388761284721	53.3340480977362	46.8386135045437	64.0664260902531	71.8550707893405	85.5532695225528
"98"	4171	56.0481227928852	51.2100974289507	64.3090205429326	72.8194368997907	86.637216979894	53.3973382681079	47.830862191726	64.1860207621239	71.3307060324206	84.6968271970565
"99"	4214	54.7203383028499	50.8080166995302	64.9148044898882	73.9387068202678	86.799971023609	52.4712474926857	48.5144982614999	64.8233770484184	72.4401976266117	85.3930039006339
"100"	4257	53.8844616326371	50.3420056232452	64.3384908056269	73.4036601131221	86.3397057642972	50.4592792768528	47.7962447789946	64.4557121984755	72.7282488567438	85.757202671374
"101"	4300	53.8706761474897	51.543792996175	62.2211715849707	71.6234875732377	83.612438297375	49.4445686476442	48.3871552733573	62.335755279543	71.1080329913674	83.692098573726
"102"	4343	53.4177347926442	51.3475500292552	61.3361346953516	71.0367540078222	81.9418071706741	49.3675644459779	49.4183892616112	60.2414629249792	69.5314063169086	82.0638338436588
"103"	4386	52.5471239673174	50.7167964462603	60.8092256815836	70.8167948709777	82.4240992352191	48.7435133275431	49.8813379544716	59.5085310370087	68.8135993712185	81.8178313306892
"104"	4429	52.4895967221732	51.2373612914693	59.9536327030584	70.5874122865272	82.9636915010551	48.7534625518918	48.8525297599253	59.7888362446917	69.1657304068568	82.7522372344221
"105"	4472	52.4828969365257	51.6177478081392	59.2771035508875	70.5877034315128	81.8373451401944	49.9015240196758	47.5433607613187	59.0228104037842	69.083642035053	82.4786476617484
"106"	4515	52.7897958128889	50.5616761747273	59.0366912045706	70.830536399006	80.9707636918507	49.2278445784681	46.7906989561602	58.5344004531107	69.8096889092285	81.1786424378221
"107"	4558	51.8296713781991	49.4973713283472	57.9261703701752	69.9426141900212	79.9830972815336	48.3146238876908	46.3985469776929	57.988079623808	69.5721632172476	79.8268146770662
"108"	4601	50.1399909513579	49.5516994367049	57.2392264500597	68.3868479048598	78.4902476975141	48.1186936987958	47.6317809125297	56.5786259851881	67.797282491105	78.0787067821148
"109"	4644	50.0678284390578	50.7333603581842	58.7556752585721	69.6801061354728	79.2944864849127	48.1520138020443	49.7953208712962	56.2617318584481	66.9644692243856	77.8669485474516
"110"	4687	50.7804430457214	51.5578279035347	59.4196832884458	69.9696595518575	80.4891592930167	47.4984992852511	50.5838018243022	56.335644598623	67.2947256928339	79.0297035897227
"111"	4730	50.8221520134868	50.9017849129155	58.3510221366936	68.3771515874696	80.5366083824019	45.3004071563603	47.9557352541893	56.5285132005129	66.998151716591	79.3545614830759
"112"	4773	51.3683456449584	50.7985826750839	58.9444950347141	69.1228979856169	81.1668393498754	45.2360974274164	45.375022254736	56.1808891174618	66.8945928747639	79.1587401981924
"113"	4816	51.3532756391255	49.3833616889546	59.36966510333	69.4316898482197	81.3248698131646	46.0137306212086	44.9064007716664	55.2961128761895	66.8781061335294	78.0857722524037
"114"	4859	49.9003192568379	46.8686964425898	58.500803119138	68.7629674468211	81.1218425695891	45.2882936144142	43.5493131531971	56.0432443805033	67.7995400896044	79.5867126140366
"115"	4902	47.1405451489636	43.4713423393642	55.4234111031647	66.5966874045114	79.2879786838559	42.4932416959915	39.7714467874008	55.0190286975103	66.3871355213754	79.268142678839
"116"	4945	47.2467257833798	41.5962787471277	53.5653612214266	65.2999696485977	77.4352655282889	42.5741062108659	38.4449289869881	53.0250332595952	64.0802751432582	77.1687514195928
"117"	4988	48.0032752892778	42.0520475738231	54.2295500855189	64.974348425662	75.2931082691408	43.3532869927561	39.0801069415491	52.5206424721168	64.4131280349502	75.8365317646386
"118"	5031	46.1795252150798	41.4198302366511	55.0025483958386	65.7516850703051	75.5078054892331	42.3694057126024	38.8507870400406	53.0190505431973	65.4554894641865	75.9837175145309
"119"	5074	46.4958199609909	41.6848218416256	54.9005910167637	64.9627587142993	76.9503041862214	41.957217478329	38.6867995305008	54.0627651067813	65.523963331991	76.5726086618532
"120"	5117	47.48693974065	42.9646942213667	53.1868503108493	62.3195422366016	76.5286573455578	41.4922349842765	39.0034037485143	53.366213612848	62.9482703374924	76.0808315574466
"121"	5160	46.551756358942	44.6019041828429	53.4446106957677	61.8777588117493	76.4579115494214	41.0469881181792	40.7450378905984	52.4308315543661	59.9632639137253	75.4462260054269
"122"	5203	44.3265972380991	44.5217633557133	54.1511806178576	62.0332770040086	77.5386900913524	40.2030199979714	40.7242459284153	52.0943065870199	58.6673966773255	75.684537663248
"123"	5246	44.0782611520408	44.8284823526002	53.2172343369666	60.2040059295691	77.2566579224	38.9907664606644	41.2000221854252	50.7205705140183	58.334018155206	74.783276044142
"124"	5289	44.5467502523625	45.0802038909708	52.4043418213507	58.9992505044418	76.5693475391475	38.9854119498803	41.9392006517693	49.783174107677	58.4753582258305	74.3294014634729
"125"	5332	44.3273888123737	44.2944459918652	52.058647261553	59.5342220475191	76.1602770651788	39.1667932715424	41.8001640449033	49.8946995017187	57.9899237891996	74.4646669684255
"126"	5375	43.3864581673649	42.5500202666428	52.1437182752248	59.9278683002364	74.9337498457198	38.6692324786146	40.7483770292737	49.6642766935612	57.1390059363598	73.2100086429952
"127"	5418	42.4869914574091	41.5703777174634	53.4620792743142	61.0794955760504	75.1220517103925	39.1725701108826	39.6530970008469	48.8873346664465	57.4982948082157	72.0332881254271
"128"	5461	42.4115014741738	40.7598931944855	53.3384603777352	60.874275245623	74.878494041159	38.4711181609734	37.7573466791012	47.9292863142971	57.6941953022994	71.4912586883153
"129"	5504	42.7993922198977	41.2953433031156	52.7488023154094	60.573119582245	73.0823494822384	38.1641841513085	36.9878769656198	48.6956310443976	57.4761282143631	71.1969532562963
"130"	5547	42.4683299755497	41.2113689482259	51.790093487346	59.7026297019853	71.5023332822369	37.7724375155063	37.2843469615383	47.8450949666373	58.0207597965801	71.3392500337026
"131"	5590	42.0098322721072	40.9312505097205	51.6952163990141	59.8903070679279	71.0819163385655	37.4664561120642	37.7694928802216	47.4407626209907	58.3911730104064	71.1127056007392
"132"	5633	42.708091955631	41.9764489082039	52.4702292329891	61.4055254214508	72.2086355455622	38.1151929566388	38.8310147603542	49.0988119205	59.1326953794847	70.9541479023095
"133"	5676	43.4922442427406	40.9940221511917	51.5864377448821	60.8993598948308	72.1567294462438	37.8446348095763	38.5893861818738	49.6736006443675	58.2086122255296	70.2892609079783
"134"	5719	44.9736293715699	41.1053464003703	52.0363472476503	61.4189427510273	72.2570330092785	38.6061800702022	38.9100468443582	49.9402059941672	58.549276646509	70.1795092303918
"135"	5762	45.1289144749803	42.0130897155465	53.5229933028284	62.0845012392866	72.8379763776767	39.1243530089066	38.9042787279044	50.5015484675447	58.8551038284222	70.6390266246755
"136"	5805	45.3057861804344	42.8108906533425	55.7244628414314	62.9366884572477	74.9646734426424	39.4172873663208	39.2454756485362	51.7374070512961	59.6617805641993	72.2129754687964
"137"	5848	44.9587980786611	42.5915362638104	55.3445614401495	62.197943451626	75.5726982535286	38.2919703949817	38.323808307306	51.4861924424717	59.6141111836185	72.3005812200765
"138"	5891	44.416197840052	43.1966949073736	54.7708646923567	60.7988301373717	74.1425657766044	38.4981798178971	38.7866798287368	49.9313161686867	57.195965358966	70.9573502930502
"139"	5934	44.6968976372316	43.6206718769721	54.2529253780375	59.422373273438	74.1514378356691	39.2003643962345	39.9185732263742	48.6571780785154	54.5496359791625	70.2312915394275
"140"	5977	44.7992452375839	43.2722985826397	52.6143428081791	58.2661040771342	74.282607034219	39.0837784221549	40.0178436806348	47.9656185934199	52.9164247872288	69.8206978713465
"141"	6020	45.086609418945	42.8188293386229	50.3515586490968	56.1455762598543	72.1772135381859	39.1138589740175	39.5688533003036	46.2106818890784	51.2732379989249	68.0109958791861
"142"	6063	45.6447381316176	42.777317008592	48.4320959739726	56.0404167583441	69.661443506257	39.9052623047627	39.714365230143	45.1743585120436	50.9031394266899	66.5547609595369
"143"	6106	45.292337232319	42.5909808250056	47.8388170694384	56.6526329363417	69.2516944225502	40.0910254550731	39.6234262997155	44.2657182984471	51.9283192418706	65.5493638810906
"144"	6149	44.7175659511712	41.8740266950071	47.3520052674521	56.2035652021877	68.232684263168	39.213965772492	38.4507351436444	43.2312356119588	52.4250685399603	64.2188019890659
"145"	6192	45.3348005064719	43.4511445513417	47.7895982626427	56.2212537928605	67.0766440009266	39.5495599785359	38.3795682712093	43.1486736566295	52.6248456538933	62.4984280837427
"146"	6235	47.1549294954423	45.0574464432806	48.492983091535	58.1176022021376	66.7308072028039	40.6363882788353	39.0984758812781	44.3043632842756	54.0104405123497	62.0634338248463
"147"	6278	49.1010777677718	45.2231242378087	49.8260389308797	59.0090473380271	66.5232368152664	41.5147109469485	39.5600254361972	46.9017599797693	56.6262805824888	63.4559027280617
"148"	6321	50.3069890409711	44.6542978764519	51.4306124988176	57.6770262554402	67.5689202265316	42.2483250976232	39.695434400755	48.9376316819923	57.4710208992899	65.8877220468543
"149"	6364	50.9408068667034	44.6065844453677	52.1292224257213	59.4988318027137	69.2745329599182	43.4828817712578	40.6470139883345	49.7698592328888	58.7559213263746	67.9331815631915
"150"	6407	50.253664883596	43.9483836551676	52.4620049225007	62.0983068165352	70.3824274900019	43.7590139536095	41.1003440583249	50.7889895837584	61.6880834563015	69.2764400331925
"151"	6450	49.484652691124	43.7944253106409	54.1343886076332	61.5574616242937	71.2790029805647	43.4986548018674	41.5996907260776	51.8064601248235	62.1533469857623	69.4258781853251
"152"	6493	49.1845755958983	43.6656948399803	52.6201478305228	59.1859747216928	71.8468877975294	41.6935777845529	40.3030128026162	51.3523151915257	60.6465538325965	70.4383885546875
"153"	6536	49.8344978505149	44.6137629002105	49.9049281599464	59.6058785872526	71.7596282595159	41.8801341947289	39.9274215202363	50.1359233785142	59.9457054849808	71.4499355046714
"154"	6579	49.7033547885816	45.4039287512184	45.7301398177897	56.7549225297685	69.2765008578107	42.4912239628141	40.9786041473104	45.5625244643083	56.1406056360625	68.2770916533857
"155"	6622	48.3166678099123	45.0078869795498	44.4686993490742	54.5734965034603	66.45705695216	42.116457556523	41.4683876912754	42.3611639579339	51.8302614761912	64.4639454643484
"156"	6665	49.0853828227086	43.9347268169587	43.5565841192517	53.9657071917088	64.6107990755405	41.9986687215782	41.1030136883199	40.3309916977036	50.539543747976	62.5051227250062
"157"	6708	49.3742065994808	42.0497744452482	40.824042666017	52.1785039661528	63.8706635327625	40.7164567429636	38.715119295377	36.8751274460027	48.8995731719924	60.8998117876858
"158"	6751	49.2859267800446	43.1430926847111	41.1175237267792	51.3129160056	63.646096821314	41.0715262410035	38.6698873514583	36.8492190964258	49.2464188716794	61.2957807467302
"159"	6794	48.3117854165166	43.2506379062306	42.1647335969804	51.3459483355254	62.4780060960931	40.9127626819492	38.679817452178	37.8855892756931	50.822292962275	61.7803661425208
"160"	6837	47.9399603610476	42.3049123718071	43.6738322532046	52.5372559856314	64.1206509512995	41.1193169499866	39.7608020214112	39.3617415819978	53.2844240360797	64.1308124491021
"161"	6880	48.9021398684546	42.0132855948546	45.0031720059544	51.5678522122349	64.0735045450829	42.4529780886483	40.6505269086547	40.4255267313757	54.5557661032906	64.8045960318947
"162"	6923	48.6898979124546	41.7258987674665	44.8916904663664	50.3879083139531	60.7643566306082	41.4678517054604	39.6399490427203	41.6088279060698	53.1261237115553	61.9295809949704
"163"	6966	48.5462674199948	41.3988124962099	45.0090206002347	49.6503274303003	61.2905935025041	39.2638222899399	38.5509387858134	43.026467107218	51.4972103664757	62.6027862822016
"164"	7009	46.6918125290728	40.2483099053462	45.0297276664905	50.9897077941824	61.8385045162199	38.0162249886295	37.3513068659395	42.6159546084152	51.8381234383783	61.972350884403
"165"	7052	44.2788439717979	39.6269952104772	44.0029568171732	51.1998194975127	62.7636272463633	36.3703262202898	36.4847408058998	42.3168023990203	51.891193278074	63.6544510925499
"166"	7095	43.0581450667424	39.7514517661102	42.5720324637722	51.5414916081433	63.3094000087764	35.115217896621	35.5744337341812	41.4566038160709	51.6002519848595	64.1449385975369
"167"	7138	43.2366215770596	40.922698868651	42.46115297167	52.2788286179147	64.2726068869451	35.4555955506257	35.9232079338567	40.6530299817329	51.754971299264	63.4755430679525
"168"	7181	42.9051431925131	41.7121629007064	43.0922967962439	53.7922464821837	65.0925406313725	35.5874754217046	36.4843783341167	40.2635626618648	51.4433854109822	63.3209442628349
"169"	7224	41.3907113511675	42.0011677241517	43.5931018761555	55.0145376170844	66.0468692201068	35.2928880840251	37.0443157411658	39.9672533946882	50.8480538655026	63.8690357249352
"170"	7267	40.2281566585404	40.9887815167106	42.7816250784629	54.2260832940094	65.5604384400595	33.9379529080131	36.2767178670551	39.2102816121828	49.4879760434719	63.5235968475551
"171"	7310	40.352976479294	39.736221006591	42.2144980900725	53.4999682824518	66.138657662363	33.1665445320204	35.3673571521047	38.5792360135098	48.5839138769463	64.3397003412869
"172"	7353	40.1654318057657	39.6430563156666	42.2648636940092	53.1933691476368	67.2607824068526	32.7792754802544	34.3258953244892	38.1422900682595	47.3033920341091	65.3434015555329
"173"	7396	39.4235927141764	39.6423446535715	41.5077465904741	51.9894527759437	66.2344177783873	32.7180751891975	33.5061759289359	36.8240522996395	45.2152725555445	63.4886089987306
"174"	7439	38.1960308241618	38.8763677177077	40.1453312267978	50.4055536481159	64.2110479937883	32.5279826398114	33.6115553317504	35.6538872764678	43.8123987086441	60.6152558346781
"175"	7482	37.431299259623	37.7218577554114	39.552446662575	49.767032015862	63.1238533748006	32.1897955092912	33.1976260251677	35.2754447480212	43.7527962135693	59.0861694746686
"176"	7525	37.8419456538844	37.0585627899055	39.1967367022666	48.4858234853598	62.4366065939851	32.8781675820403	33.614893517479	35.4571658970537	44.2576319291865	57.6616803823638
"177"	7568	37.7742544449427	36.6117286462198	38.9980975664692	46.6594656615725	60.07360878008	32.792883570145	33.3543496707548	35.2644327999269	42.5451579132474	55.4434853109754
"178"	7611	37.477399452948	36.8623084498085	38.6693937524181	45.584456474891	58.336736693502	32.7614430025089	33.07257012807	34.8067550079926	41.7258644746106	53.4565992594657
"179"	7654	37.6043722671469	37.1003862134138	38.283389898196	44.2150610037153	56.9860677928425	32.9069923217414	33.0939878813519	34.4219012823511	40.3275102896205	52.0184704399953
"180"	7697	38.3864820897092	37.6134794012265	38.86617974687	43.9227432742047	57.6852641126076	33.9588374500866	34.1052738924932	35.3504205247247	40.5334580516519	52.8644895575602
"181"	7740	38.6132546650108	37.2973603446927	38.498143846685	43.3627056619617	58.2338988719068	34.1170597504137	34.3480204585494	35.2006657021491	40.1778824875838	53.9279189021784
"182"	7783	39.4563243088768	37.3474762687864	38.5476219401168	44.1836041182689	59.3274185005146	34.3507873439912	34.3735973499118	35.3568048058319	40.7404179464867	54.986194570832
"183"	7826	39.9862223122321	38.0607480141529	39.2270332829204	44.7791896774593	60.0670320136739	34.2579547717409	34.3074085038925	35.6780301686199	41.3200649863318	54.8246251401874
"184"	7869	40.1620297299102	38.7868078788972	39.7372349886546	45.2451602515662	60.6870934506823	34.0900679081973	34.4546788590691	35.7565394043477	41.884968542541	55.1396001336687
"185"	7912	40.5405175826847	39.0870710023493	40.1386929676636	46.3671812980168	61.3866602460457	34.111720517821	35.1438670358606	36.0853587097118	42.2055555290546	56.1657168192703
"186"	7955	40.6756953865442	39.8186880005365	40.7962444829106	47.3361803730985	61.908231857664	34.3348023903025	35.746815468078	36.723829058718	42.4844350741078	56.472602162145
"187"	7998	40.3116319474646	40.6848017856954	40.9204999676464	46.6476135711432	63.0324836303754	34.7012730543999	35.9522060895166	37.3968642845176	41.8850983588187	56.3010076243358
"188"	8041	39.1694143158782	40.0749856529287	40.1438633026759	46.4211717119673	63.5571407643272	34.7820163949746	35.9733340639764	36.7924112986457	41.4738080563902	55.4766089032945
"189"	8084	39.3956582447844	39.9652318386328	38.9644618568578	46.2822802556133	62.3789535442926	35.0257069314126	36.254306222239	35.6967880847489	41.0067391501924	54.3103793601296
"190"	8127	39.5934973177831	40.0124552130721	38.369885958437	45.2560499102467	60.3056164700023	35.048913756586	35.8903186592074	35.449942004313	40.0679675127261	53.4377029902078
"191"	8170	38.951150118622	39.4313116315895	38.4910703557071	44.9025007669058	59.7713570097476	34.8849721356001	35.4792194609271	35.8048813505112	39.9847929501948	52.47824600062
"192"	8213	38.9120522320816	38.7388379716846	37.9466711524806	44.2498826119923	58.9344199258539	34.5612848179406	35.335823052484	35.7492646975444	39.8826459397114	52.914236724464
"193"	8256	38.7453181944413	38.7634339840442	37.6143351376119	43.4944491412661	56.9843547421779	34.7036185318067	35.2719317374498	35.5864135069952	39.6827645620905	51.8820712255289
"194"	8299	38.295447254767	38.7686984426291	37.5364594084935	43.0818613242932	55.5909522296086	35.0595599492257	35.2277336885289	35.4399063073688	39.730279839462	51.2278887207647
"195"	8342	37.8621890644855	38.1183178250191	37.7954460153809	42.7541934762305	55.5932908338991	35.0780886511916	35.5018581653471	35.5146402780415	40.8093906311729	51.9845482261945
"196"	8385	38.103405874147	37.7912298083271	37.8660908397008	42.5578598174363	55.26430482023	35.0689215006319	35.7456366509579	35.82086009086	40.9245913906109	52.6239881928965
"197"	8428	37.350302980449	36.6664780577121	36.698481384316	41.9869289743506	53.2776849116191	34.283736845207	34.8430405619656	35.1118170925305	39.9205094196836	51.5388289146937
"198"	8471	37.6044814670329	36.6804564617182	36.552772905529	42.4732542499608	54.4063145915473	34.2469201526385	34.916214080556	35.1223675542865	40.4404638669822	52.0482496191601
"199"	8514	37.7745776407151	36.7165677653439	36.6264144101784	42.7107716321213	56.0491056435762	34.2900744689508	35.0578746542308	35.2600349772743	40.6021902521478	53.0764865427926
"200"	8557	37.4293173358893	36.456240834009	36.5419808677157	41.9943699570823	56.4823957967967	34.2253303649517	34.7707953508015	35.2320442589015	40.2538887099842	53.1968096576068
"201"	8600	37.0656204682119	36.3545763776831	36.9671770797968	42.2975981028495	56.0995625678399	34.2299821469728	34.6752225593839	35.1265682410119	39.4862371439282	52.577054466812
"202"	8643	37.2734738693948	36.9104839070221	37.3742208573102	42.8454375627191	56.1873386982783	34.4430500224441	34.740268209921	35.3661942150111	39.2902493661352	51.4330662096271
"203"	8686	37.2684655326994	37.0585958567386	37.6221105687855	42.2768974115461	55.7912813403253	34.612532996824	34.9356629543773	35.8384513498224	39.3875867866288	51.3786481693775
"204"	8729	35.964567553614	36.0035800626953	37.2194018985951	42.6476245724636	56.2450239012387	34.1723779683426	34.4991499236897	35.4322695494399	39.627679117888	52.0315689820873
"205"	8772	35.8245365699541	35.9971986548072	37.6529884117282	44.4645795411261	57.0827104554505	34.1873572205686	34.8437940525134	35.6924887914988	40.2471694779298	52.4877937310034
"206"	8815	36.6190205873331	37.1005594595631	38.1595263204549	45.08933291738	56.847431259246	34.0955187720243	35.6310740169932	35.6023007379845	40.2221474570071	51.296898413872
"207"	8858	36.8935522982585	37.9015264209237	38.3530300881066	43.6750814352076	56.43196088077	34.0545187615625	36.2710336320699	35.9513387221316	39.7816711670331	49.861585961307
"208"	8901	36.2476576257845	37.4680651678603	38.3418049586731	43.7745571908665	55.7136968807798	34.0625487618094	36.0138088635759	36.0659625899612	39.328358751717	50.3703169570091
"209"	8944	36.0203378032785	37.0334947606238	38.3443659268453	44.9374707062469	55.2466713745125	34.2011739521579	35.6650636092223	35.8784286640196	39.4825220580453	50.9083127551391
"210"	8987	36.7615436753245	37.7239696370432	38.4392669225998	44.5594544878663	55.086563305182	34.4861432463704	35.9570436116688	35.7070839790194	38.6367308198838	50.5982492785745
"211"	9030	37.2701660301804	37.5596044240656	38.1245511604017	43.6239495191125	55.4074876371057	34.8242809798929	36.1810642500378	35.6968808510566	38.5444069232474	51.1727200606134
"212"	9073	37.4645729542602	37.0961955663064	38.4241844060577	43.7955895539705	55.0527874715449	34.9653290211606	36.3905829367592	35.6687511659238	38.8836952358649	51.3355120322127
"213"	9116	37.8086989238826	36.8470831472165	38.6148596910065	44.3831733433381	55.2356267782187	35.0414064624703	36.7340746760075	35.4754783456437	39.3489684450846	50.9079220425555
"214"	9159	37.6637450210942	36.563626206349	38.6702540475736	45.2070529244048	56.4466989036737	35.25955804559	36.6404749505022	35.3561666315884	39.5594746979995	51.5362591487772
"215"	9202	37.5523604339971	36.8094892428997	38.7714304155384	45.474949054043	57.1763419019532	35.4399703747142	36.2275368887311	35.4461539394248	39.6324469962356	50.9670675210486
"216"	9245	37.7559601977087	36.4373604443875	39.3996372854742	46.8672304863653	57.1320099145763	35.4100578105573	35.9467396552959	35.5213549782338	39.3587880327366	50.0657020185402
"217"	9288	38.4692793554343	36.4624897311868	40.4194308973358	47.6654569742807	59.0832748792584	35.5824098615996	35.5354402316769	35.5784302236646	40.5113931208723	50.2670392557778
"218"	9331	38.9554790592334	36.696970779019	40.5602311560941	47.5026160275315	59.6104323200427	35.9991902452377	35.1413649162499	35.8882493007491	40.6373796387161	51.1092674238453
"219"	9374	38.9589654124053	36.4446624994171	40.0201072214198	47.5815116027606	58.9006573037193	36.3536983138207	35.1666002734931	35.9728418557932	39.7610277072021	50.8850414052082
"220"	9417	39.8751304287156	37.0778572206507	40.5710332849339	48.1971237879094	59.4905509609737	36.5121372153984	35.7099461828584	35.8419936860094	39.5642109018805	50.080663068421
"221"	9460	40.1432914476742	37.413155827246	41.2391666049912	48.7228213319952	59.0554781728919	36.6061201791433	36.2767726659949	35.5356001273553	39.5035413847688	48.8247967484104
"222"	9503	41.2189838131242	37.5438225389373	40.5816674341839	47.3186078605241	58.3095662953427	37.018219480361	37.109060835973	35.2869369455682	39.0456956491469	47.7537642778902
"223"	9546	42.8472256147943	37.7428389338908	39.1223331506393	44.9100408495495	57.1592930578472	37.8840993501205	37.9165888294241	35.1816212652446	37.925840505354	48.5104846319169
"224"	9589	43.1860530189091	38.2228962177826	38.3480038961411	43.1004137795502	55.7517691390592	38.9018605620243	38.3793250495243	34.9243857786096	37.6783458258821	49.0510789401614
"225"	9632	41.8788766101249	38.9695597306559	37.9286520074185	42.2994546349214	53.4711412852572	38.3682587474016	37.855321362424	34.9921329341022	37.9665615067669	48.8667034900702
"226"	9675	40.166186639634	39.3333293217745	37.7438067428498	41.3766343870215	52.0833091440037	38.0586768736263	37.1993118998555	34.9971502417717	37.9549039365182	47.9527755457739
"227"	9718	39.9344488697264	39.4351344194917	38.1717703740487	40.7269789175527	52.2156319983153	38.4011134267633	36.6690399273392	34.9921034979753	37.2546092096496	47.1051820155802
"228"	9761	39.3895534661839	39.3328682276335	37.8511869120607	39.7455545651542	51.04479142765	37.9419567431915	36.3919210865138	34.878898914922	36.1768470555966	45.6316829333257
"229"	9804	38.9985902286255	39.7277492616971	37.6456065757643	39.6262920025795	50.3806075807515	37.7835217317758	36.5631563319	34.8420876573421	35.9862488406499	44.2620679241194
"230"	9847	39.0779422963125	39.7861007296291	37.7016148655249	40.4156593805879	49.9623073345823	37.7993279097992	36.6633902506078	34.8199981218957	36.1116410512179	43.1484848780368
"231"	9890	39.0402065809787	39.7013234891619	37.6002492379162	40.009759507406	49.8383968139496	37.6313766821984	36.3717382840725	34.8573105922284	35.8925668526394	42.2245415863067
"232"	9933	39.4358349348733	39.5026406177093	37.4475661878906	39.6546707064489	49.5196771735715	37.3632545933562	35.9940390479158	34.9332701240989	35.726943514738	41.6308208025397
"233"	9976	41.7837408745173	41.3574882499557	39.4622999204921	41.1059618587521	50.3469472601107	40.7283081303035	38.5895595179888	38.2892374002431	38.9068369684021	43.5761304686351
